#size: 780 23																						
# Age	Height (cm)	Weight (kg)	Total fat	Visceral fat	BMI	SF Body	SF Trunk	SF Arms	SF Legs	SM Body	SM Trunk	SM Arms	SM Legs	Shoulder R	Shoulder L	Rib	Waist	Thigh R	Thigh L	Flexion Angle (deg)	Extension (cm)	Force due to extension (N)
30	178	67.7	17.3	5	21.4	12	10.4	17.7	17	35.4	29.4	40.4	52.5	54	54	20	54	23	26	0	0	13
30	178	67.7	17.3	5	21.4	12	10.4	17.7	17	35.4	29.4	40.4	52.5	54	54	20	54	23	26	5	0.75	17
30	178	67.7	17.3	5	21.4	12	10.4	17.7	17	35.4	29.4	40.4	52.5	54	54	20	54	23	26	10	2.25	21
30	178	67.7	17.3	5	21.4	12	10.4	17.7	17	35.4	29.4	40.4	52.5	54	54	20	54	23	26	15	3.25	30
30	178	67.7	17.3	5	21.4	12	10.4	17.7	17	35.4	29.4	40.4	52.5	54	54	20	54	23	26	20	4	36
30	178	67.7	17.3	5	21.4	12	10.4	17.7	17	35.4	29.4	40.4	52.5	54	54	20	54	23	26	25	5	46
30	178	67.7	17.3	5	21.4	12	10.4	17.7	17	35.4	29.4	40.4	52.5	54	54	20	54	23	26	30	5.75	64
30	178	67.7	17.3	5	21.4	12	10.4	17.7	17	35.4	29.4	40.4	52.5	54	54	20	54	23	26	35	6.5	77
30	178	67.7	17.3	5	21.4	12	10.4	17.7	17	35.4	29.4	40.4	52.5	54	54	20	54	23	26	40	7.25	98
30	178	67.7	17.3	5	21.4	12	10.4	17.7	17	35.4	29.4	40.4	52.5	54	54	20	54	23	26	45	9.25	117
30	178	67.7	17.3	5	21.4	12	10.4	17.7	17	35.4	29.4	40.4	52.5	54	54	20	54	23	26	50	10	134
30	178	67.7	17.3	5	21.4	12	10.4	17.7	17	35.4	29.4	40.4	52.5	54	54	20	54	23	26	55	11.25	153
30	178	67.7	17.3	5	21.4	12	10.4	17.7	17	35.4	29.4	40.4	52.5	54	54	20	54	23	26	60	12.75	181
30	178	67.7	17.3	5	21.4	12	10.4	17.7	17	35.4	29.4	40.4	52.5	54	54	20	54	23	26	0	0	12
30	178	67.7	17.3	5	21.4	12	10.4	17.7	17	35.4	29.4	40.4	52.5	54	54	20	54	23	26	5	0.75	14
30	178	67.7	17.3	5	21.4	12	10.4	17.7	17	35.4	29.4	40.4	52.5	54	54	20	54	23	26	10	2.25	24
30	178	67.7	17.3	5	21.4	12	10.4	17.7	17	35.4	29.4	40.4	52.5	54	54	20	54	23	26	15	3.25	27
30	178	67.7	17.3	5	21.4	12	10.4	17.7	17	35.4	29.4	40.4	52.5	54	54	20	54	23	26	20	4	33
30	178	67.7	17.3	5	21.4	12	10.4	17.7	17	35.4	29.4	40.4	52.5	54	54	20	54	23	26	25	5	48
30	178	67.7	17.3	5	21.4	12	10.4	17.7	17	35.4	29.4	40.4	52.5	54	54	20	54	23	26	30	5.75	52
30	178	67.7	17.3	5	21.4	12	10.4	17.7	17	35.4	29.4	40.4	52.5	54	54	20	54	23	26	35	6.5	74
30	178	67.7	17.3	5	21.4	12	10.4	17.7	17	35.4	29.4	40.4	52.5	54	54	20	54	23	26	40	7.25	90
30	178	67.7	17.3	5	21.4	12	10.4	17.7	17	35.4	29.4	40.4	52.5	54	54	20	54	23	26	45	9.25	116
30	178	67.7	17.3	5	21.4	12	10.4	17.7	17	35.4	29.4	40.4	52.5	54	54	20	54	23	26	50	10	134
30	178	67.7	17.3	5	21.4	12	10.4	17.7	17	35.4	29.4	40.4	52.5	54	54	20	54	23	26	55	11.25	161
30	178	67.7	17.3	5	21.4	12	10.4	17.7	17	35.4	29.4	40.4	52.5	54	54	20	54	23	26	60	12.75	180
30	178	67.7	17.3	5	21.4	12	10.4	17.7	17	35.4	29.4	40.4	52.5	54	54	20	54	23	26	0	0	15
30	178	67.7	17.3	5	21.4	12	10.4	17.7	17	35.4	29.4	40.4	52.5	54	54	20	54	23	26	5	0.75	21
30	178	67.7	17.3	5	21.4	12	10.4	17.7	17	35.4	29.4	40.4	52.5	54	54	20	54	23	26	10	2.25	30
30	178	67.7	17.3	5	21.4	12	10.4	17.7	17	35.4	29.4	40.4	52.5	54	54	20	54	23	26	15	3.25	31
30	178	67.7	17.3	5	21.4	12	10.4	17.7	17	35.4	29.4	40.4	52.5	54	54	20	54	23	26	20	4	42
30	178	67.7	17.3	5	21.4	12	10.4	17.7	17	35.4	29.4	40.4	52.5	54	54	20	54	23	26	25	5	46
30	178	67.7	17.3	5	21.4	12	10.4	17.7	17	35.4	29.4	40.4	52.5	54	54	20	54	23	26	30	5.75	64
30	178	67.7	17.3	5	21.4	12	10.4	17.7	17	35.4	29.4	40.4	52.5	54	54	20	54	23	26	35	6.5	78
30	178	67.7	17.3	5	21.4	12	10.4	17.7	17	35.4	29.4	40.4	52.5	54	54	20	54	23	26	40	7.25	95
30	178	67.7	17.3	5	21.4	12	10.4	17.7	17	35.4	29.4	40.4	52.5	54	54	20	54	23	26	45	9.25	112
30	178	67.7	17.3	5	21.4	12	10.4	17.7	17	35.4	29.4	40.4	52.5	54	54	20	54	23	26	50	10	133
30	178	67.7	17.3	5	21.4	12	10.4	17.7	17	35.4	29.4	40.4	52.5	54	54	20	54	23	26	55	11.25	157
30	178	67.7	17.3	5	21.4	12	10.4	17.7	17	35.4	29.4	40.4	52.5	54	54	20	54	23	26	60	12.75	182
25	178.5	54.1	6.5	1	17.1	5.5	0	12.9	11.4	38.7	33.9	43.9	55.8	54	54	20	54	20	20	0	0	7
25	178.5	54.1	6.5	1	17.1	5.5	0	12.9	11.4	38.7	33.9	43.9	55.8	54	54	20	54	20	20	5	2.5	12
25	178.5	54.1	6.5	1	17.1	5.5	0	12.9	11.4	38.7	33.9	43.9	55.8	54	54	20	54	20	20	10	3	17
25	178.5	54.1	6.5	1	17.1	5.5	0	12.9	11.4	38.7	33.9	43.9	55.8	54	54	20	54	20	20	15	3.75	24
25	178.5	54.1	6.5	1	17.1	5.5	0	12.9	11.4	38.7	33.9	43.9	55.8	54	54	20	54	20	20	20	4.25	31
25	178.5	54.1	6.5	1	17.1	5.5	0	12.9	11.4	38.7	33.9	43.9	55.8	54	54	20	54	20	20	25	5.5	46
25	178.5	54.1	6.5	1	17.1	5.5	0	12.9	11.4	38.7	33.9	43.9	55.8	54	54	20	54	20	20	30	6.5	64
25	178.5	54.1	6.5	1	17.1	5.5	0	12.9	11.4	38.7	33.9	43.9	55.8	54	54	20	54	20	20	35	7.75	77
25	178.5	54.1	6.5	1	17.1	5.5	0	12.9	11.4	38.7	33.9	43.9	55.8	54	54	20	54	20	20	40	8.5	85
25	178.5	54.1	6.5	1	17.1	5.5	0	12.9	11.4	38.7	33.9	43.9	55.8	54	54	20	54	20	20	45	9.5	105
25	178.5	54.1	6.5	1	17.1	5.5	0	12.9	11.4	38.7	33.9	43.9	55.8	54	54	20	54	20	20	50	10.5	116
25	178.5	54.1	6.5	1	17.1	5.5	0	12.9	11.4	38.7	33.9	43.9	55.8	54	54	20	54	20	20	55	11.5	113
25	178.5	54.1	6.5	1	17.1	5.5	0	12.9	11.4	38.7	33.9	43.9	55.8	54	54	20	54	20	20	60	12	136
25	178.5	54.1	6.5	1	17.1	5.5	0	12.9	11.4	38.7	33.9	43.9	55.8	54	54	20	54	20	20	0	0	5
25	178.5	54.1	6.5	1	17.1	5.5	0	12.9	11.4	38.7	33.9	43.9	55.8	54	54	20	54	20	20	5	2.5	7
25	178.5	54.1	6.5	1	17.1	5.5	0	12.9	11.4	38.7	33.9	43.9	55.8	54	54	20	54	20	20	10	3	12
25	178.5	54.1	6.5	1	17.1	5.5	0	12.9	11.4	38.7	33.9	43.9	55.8	54	54	20	54	20	20	15	3.75	18
25	178.5	54.1	6.5	1	17.1	5.5	0	12.9	11.4	38.7	33.9	43.9	55.8	54	54	20	54	20	20	20	4.25	28
25	178.5	54.1	6.5	1	17.1	5.5	0	12.9	11.4	38.7	33.9	43.9	55.8	54	54	20	54	20	20	25	5.5	41
25	178.5	54.1	6.5	1	17.1	5.5	0	12.9	11.4	38.7	33.9	43.9	55.8	54	54	20	54	20	20	30	6.5	57
25	178.5	54.1	6.5	1	17.1	5.5	0	12.9	11.4	38.7	33.9	43.9	55.8	54	54	20	54	20	20	35	7.75	66
25	178.5	54.1	6.5	1	17.1	5.5	0	12.9	11.4	38.7	33.9	43.9	55.8	54	54	20	54	20	20	40	8.5	81
25	178.5	54.1	6.5	1	17.1	5.5	0	12.9	11.4	38.7	33.9	43.9	55.8	54	54	20	54	20	20	45	9.5	97
25	178.5	54.1	6.5	1	17.1	5.5	0	12.9	11.4	38.7	33.9	43.9	55.8	54	54	20	54	20	20	50	10.5	113
25	178.5	54.1	6.5	1	17.1	5.5	0	12.9	11.4	38.7	33.9	43.9	55.8	54	54	20	54	20	20	55	11.5	137
25	178.5	54.1	6.5	1	17.1	5.5	0	12.9	11.4	38.7	33.9	43.9	55.8	54	54	20	54	20	20	60	12	141
25	178.5	54.1	6.5	1	17.1	5.5	0	12.9	11.4	38.7	33.9	43.9	55.8	54	54	20	54	20	20	0	0	3
25	178.5	54.1	6.5	1	17.1	5.5	0	12.9	11.4	38.7	33.9	43.9	55.8	54	54	20	54	20	20	5	2.5	10
25	178.5	54.1	6.5	1	17.1	5.5	0	12.9	11.4	38.7	33.9	43.9	55.8	54	54	20	54	20	20	10	3	13
25	178.5	54.1	6.5	1	17.1	5.5	0	12.9	11.4	38.7	33.9	43.9	55.8	54	54	20	54	20	20	15	3.75	22
25	178.5	54.1	6.5	1	17.1	5.5	0	12.9	11.4	38.7	33.9	43.9	55.8	54	54	20	54	20	20	20	4.25	35
25	178.5	54.1	6.5	1	17.1	5.5	0	12.9	11.4	38.7	33.9	43.9	55.8	54	54	20	54	20	20	25	5.5	50
25	178.5	54.1	6.5	1	17.1	5.5	0	12.9	11.4	38.7	33.9	43.9	55.8	54	54	20	54	20	20	30	6.5	60
25	178.5	54.1	6.5	1	17.1	5.5	0	12.9	11.4	38.7	33.9	43.9	55.8	54	54	20	54	20	20	35	7.75	74
25	178.5	54.1	6.5	1	17.1	5.5	0	12.9	11.4	38.7	33.9	43.9	55.8	54	54	20	54	20	20	40	8.5	88
25	178.5	54.1	6.5	1	17.1	5.5	0	12.9	11.4	38.7	33.9	43.9	55.8	54	54	20	54	20	20	45	9.5	102
25	178.5	54.1	6.5	1	17.1	5.5	0	12.9	11.4	38.7	33.9	43.9	55.8	54	54	20	54	20	20	50	10.5	122
25	178.5	54.1	6.5	1	17.1	5.5	0	12.9	11.4	38.7	33.9	43.9	55.8	54	54	20	54	20	20	55	11.5	135
25	178.5	54.1	6.5	1	17.1	5.5	0	12.9	11.4	38.7	33.9	43.9	55.8	54	54	20	54	20	20	60	12	138
25	180	63.8	12.5	3	19.69135802	8	7.3	14.1	12.9	37.9	32.6	42.4	55	56	54	20	50	24	24	0	0	6
25	180	63.8	12.5	3	19.69135802	8	7.3	14.1	12.9	37.9	32.6	42.4	55	56	54	20	50	24	24	5	1	9
25	180	63.8	12.5	3	19.69135802	8	7.3	14.1	12.9	37.9	32.6	42.4	55	56	54	20	50	24	24	10	1.75	17
25	180	63.8	12.5	3	19.69135802	8	7.3	14.1	12.9	37.9	32.6	42.4	55	56	54	20	50	24	24	15	2.75	24
25	180	63.8	12.5	3	19.69135802	8	7.3	14.1	12.9	37.9	32.6	42.4	55	56	54	20	50	24	24	20	4	31
25	180	63.8	12.5	3	19.69135802	8	7.3	14.1	12.9	37.9	32.6	42.4	55	56	54	20	50	24	24	25	5	35
25	180	63.8	12.5	3	19.69135802	8	7.3	14.1	12.9	37.9	32.6	42.4	55	56	54	20	50	24	24	30	6.25	52
25	180	63.8	12.5	3	19.69135802	8	7.3	14.1	12.9	37.9	32.6	42.4	55	56	54	20	50	24	24	35	7.25	67
25	180	63.8	12.5	3	19.69135802	8	7.3	14.1	12.9	37.9	32.6	42.4	55	56	54	20	50	24	24	40	9	88
25	180	63.8	12.5	3	19.69135802	8	7.3	14.1	12.9	37.9	32.6	42.4	55	56	54	20	50	24	24	45	10.25	107
25	180	63.8	12.5	3	19.69135802	8	7.3	14.1	12.9	37.9	32.6	42.4	55	56	54	20	50	24	24	50	11.5	124
25	180	63.8	12.5	3	19.69135802	8	7.3	14.1	12.9	37.9	32.6	42.4	55	56	54	20	50	24	24	55	12.5	145
25	180	63.8	12.5	3	19.69135802	8	7.3	14.1	12.9	37.9	32.6	42.4	55	56	54	20	50	24	24	60	13.47	159
25	180	63.8	12.5	3	19.69135802	8	7.3	14.1	12.9	37.9	32.6	42.4	55	56	54	20	50	24	24	0	0	6
25	180	63.8	12.5	3	19.69135802	8	7.3	14.1	12.9	37.9	32.6	42.4	55	56	54	20	50	24	24	5	1	12
25	180	63.8	12.5	3	19.69135802	8	7.3	14.1	12.9	37.9	32.6	42.4	55	56	54	20	50	24	24	10	1.75	18
25	180	63.8	12.5	3	19.69135802	8	7.3	14.1	12.9	37.9	32.6	42.4	55	56	54	20	50	24	24	15	2.75	24
25	180	63.8	12.5	3	19.69135802	8	7.3	14.1	12.9	37.9	32.6	42.4	55	56	54	20	50	24	24	20	4	30
25	180	63.8	12.5	3	19.69135802	8	7.3	14.1	12.9	37.9	32.6	42.4	55	56	54	20	50	24	24	25	5	38
25	180	63.8	12.5	3	19.69135802	8	7.3	14.1	12.9	37.9	32.6	42.4	55	56	54	20	50	24	24	30	6.25	46
25	180	63.8	12.5	3	19.69135802	8	7.3	14.1	12.9	37.9	32.6	42.4	55	56	54	20	50	24	24	35	7.25	61
25	180	63.8	12.5	3	19.69135802	8	7.3	14.1	12.9	37.9	32.6	42.4	55	56	54	20	50	24	24	40	9	75
25	180	63.8	12.5	3	19.69135802	8	7.3	14.1	12.9	37.9	32.6	42.4	55	56	54	20	50	24	24	45	10.25	94
25	180	63.8	12.5	3	19.69135802	8	7.3	14.1	12.9	37.9	32.6	42.4	55	56	54	20	50	24	24	50	11.5	113
25	180	63.8	12.5	3	19.69135802	8	7.3	14.1	12.9	37.9	32.6	42.4	55	56	54	20	50	24	24	55	12.5	135
25	180	63.8	12.5	3	19.69135802	8	7.3	14.1	12.9	37.9	32.6	42.4	55	56	54	20	50	24	24	60	13.47	168
25	180	63.8	12.5	3	19.69135802	8	7.3	14.1	12.9	37.9	32.6	42.4	55	56	54	20	50	24	24	0	0	7
25	180	63.8	12.5	3	19.69135802	8	7.3	14.1	12.9	37.9	32.6	42.4	55	56	54	20	50	24	24	5	1	9
25	180	63.8	12.5	3	19.69135802	8	7.3	14.1	12.9	37.9	32.6	42.4	55	56	54	20	50	24	24	10	1.75	17
25	180	63.8	12.5	3	19.69135802	8	7.3	14.1	12.9	37.9	32.6	42.4	55	56	54	20	50	24	24	15	2.75	21
25	180	63.8	12.5	3	19.69135802	8	7.3	14.1	12.9	37.9	32.6	42.4	55	56	54	20	50	24	24	20	4	26
25	180	63.8	12.5	3	19.69135802	8	7.3	14.1	12.9	37.9	32.6	42.4	55	56	54	20	50	24	24	25	5	33
25	180	63.8	12.5	3	19.69135802	8	7.3	14.1	12.9	37.9	32.6	42.4	55	56	54	20	50	24	24	30	6.25	41
25	180	63.8	12.5	3	19.69135802	8	7.3	14.1	12.9	37.9	32.6	42.4	55	56	54	20	50	24	24	35	7.25	57
25	180	63.8	12.5	3	19.69135802	8	7.3	14.1	12.9	37.9	32.6	42.4	55	56	54	20	50	24	24	40	9	66
25	180	63.8	12.5	3	19.69135802	8	7.3	14.1	12.9	37.9	32.6	42.4	55	56	54	20	50	24	24	45	10.25	88
25	180	63.8	12.5	3	19.69135802	8	7.3	14.1	12.9	37.9	32.6	42.4	55	56	54	20	50	24	24	50	11.5	110
25	180	63.8	12.5	3	19.69135802	8	7.3	14.1	12.9	37.9	32.6	42.4	55	56	54	20	50	24	24	55	12.5	136
25	180	63.8	12.5	3	19.69135802	8	7.3	14.1	12.9	37.9	32.6	42.4	55	56	54	20	50	24	24	60	13.47	161
25	168	61.9	17.3	5.5	21.9	12.1	10.6	18.3	17.5	34.8	29	40.2	52	59	57	25	50	28	30	0	0	14
25	168	61.9	17.3	5.5	21.9	12.1	10.6	18.3	17.5	34.8	29	40.2	52	59	57	25	50	28	30	5	1.5	17.8
25	168	61.9	17.3	5.5	21.9	12.1	10.6	18.3	17.5	34.8	29	40.2	52	59	57	25	50	28	30	10	2.5	23.8
25	168	61.9	17.3	5.5	21.9	12.1	10.6	18.3	17.5	34.8	29	40.2	52	59	57	25	50	28	30	15	3.5	31
25	168	61.9	17.3	5.5	21.9	12.1	10.6	18.3	17.5	34.8	29	40.2	52	59	57	25	50	28	30	20	4.5	39
25	168	61.9	17.3	5.5	21.9	12.1	10.6	18.3	17.5	34.8	29	40.2	52	59	57	25	50	28	30	25	5.5	46
25	168	61.9	17.3	5.5	21.9	12.1	10.6	18.3	17.5	34.8	29	40.2	52	59	57	25	50	28	30	30	6.5	56
25	168	61.9	17.3	5.5	21.9	12.1	10.6	18.3	17.5	34.8	29	40.2	52	59	57	25	50	28	30	35	7.7	72
25	168	61.9	17.3	5.5	21.9	12.1	10.6	18.3	17.5	34.8	29	40.2	52	59	57	25	50	28	30	40	8.9	81
25	168	61.9	17.3	5.5	21.9	12.1	10.6	18.3	17.5	34.8	29	40.2	52	59	57	25	50	28	30	45	9.8	95
25	168	61.9	17.3	5.5	21.9	12.1	10.6	18.3	17.5	34.8	29	40.2	52	59	57	25	50	28	30	50	11	105
25	168	61.9	17.3	5.5	21.9	12.1	10.6	18.3	17.5	34.8	29	40.2	52	59	57	25	50	28	30	55	12	117
25	168	61.9	17.3	5.5	21.9	12.1	10.6	18.3	17.5	34.8	29	40.2	52	59	57	25	50	28	30	60	12.8	134
25	168	61.9	17.3	5.5	21.9	12.1	10.6	18.3	17.5	34.8	29	40.2	52	59	57	25	50	28	30	0	0	9.8
25	168	61.9	17.3	5.5	21.9	12.1	10.6	18.3	17.5	34.8	29	40.2	52	59	57	25	50	28	30	5	1.5	16
25	168	61.9	17.3	5.5	21.9	12.1	10.6	18.3	17.5	34.8	29	40.2	52	59	57	25	50	28	30	10	2.5	21.5
25	168	61.9	17.3	5.5	21.9	12.1	10.6	18.3	17.5	34.8	29	40.2	52	59	57	25	50	28	30	15	3.5	27
25	168	61.9	17.3	5.5	21.9	12.1	10.6	18.3	17.5	34.8	29	40.2	52	59	57	25	50	28	30	20	4.5	37.5
25	168	61.9	17.3	5.5	21.9	12.1	10.6	18.3	17.5	34.8	29	40.2	52	59	57	25	50	28	30	25	5.5	46
25	168	61.9	17.3	5.5	21.9	12.1	10.6	18.3	17.5	34.8	29	40.2	52	59	57	25	50	28	30	30	6.5	52
25	168	61.9	17.3	5.5	21.9	12.1	10.6	18.3	17.5	34.8	29	40.2	52	59	57	25	50	28	30	35	7.7	64
25	168	61.9	17.3	5.5	21.9	12.1	10.6	18.3	17.5	34.8	29	40.2	52	59	57	25	50	28	30	40	8.9	76
25	168	61.9	17.3	5.5	21.9	12.1	10.6	18.3	17.5	34.8	29	40.2	52	59	57	25	50	28	30	45	9.8	84
25	168	61.9	17.3	5.5	21.9	12.1	10.6	18.3	17.5	34.8	29	40.2	52	59	57	25	50	28	30	50	11	92
25	168	61.9	17.3	5.5	21.9	12.1	10.6	18.3	17.5	34.8	29	40.2	52	59	57	25	50	28	30	55	12	112
25	168	61.9	17.3	5.5	21.9	12.1	10.6	18.3	17.5	34.8	29	40.2	52	59	57	25	50	28	30	60	12.8	118
25	168	61.9	17.3	5.5	21.9	12.1	10.6	18.3	17.5	34.8	29	40.2	52	59	57	25	50	28	30	0	0	9.6
25	168	61.9	17.3	5.5	21.9	12.1	10.6	18.3	17.5	34.8	29	40.2	52	59	57	25	50	28	30	5	1.5	13
25	168	61.9	17.3	5.5	21.9	12.1	10.6	18.3	17.5	34.8	29	40.2	52	59	57	25	50	28	30	10	2.5	18
25	168	61.9	17.3	5.5	21.9	12.1	10.6	18.3	17.5	34.8	29	40.2	52	59	57	25	50	28	30	15	3.5	23.2
25	168	61.9	17.3	5.5	21.9	12.1	10.6	18.3	17.5	34.8	29	40.2	52	59	57	25	50	28	30	20	4.5	30
25	168	61.9	17.3	5.5	21.9	12.1	10.6	18.3	17.5	34.8	29	40.2	52	59	57	25	50	28	30	25	5.5	38.5
25	168	61.9	17.3	5.5	21.9	12.1	10.6	18.3	17.5	34.8	29	40.2	52	59	57	25	50	28	30	30	6.5	47.2
25	168	61.9	17.3	5.5	21.9	12.1	10.6	18.3	17.5	34.8	29	40.2	52	59	57	25	50	28	30	35	7.7	58.5
25	168	61.9	17.3	5.5	21.9	12.1	10.6	18.3	17.5	34.8	29	40.2	52	59	57	25	50	28	30	40	8.9	71
25	168	61.9	17.3	5.5	21.9	12.1	10.6	18.3	17.5	34.8	29	40.2	52	59	57	25	50	28	30	45	9.8	86
25	168	61.9	17.3	5.5	21.9	12.1	10.6	18.3	17.5	34.8	29	40.2	52	59	57	25	50	28	30	50	11	97
25	168	61.9	17.3	5.5	21.9	12.1	10.6	18.3	17.5	34.8	29	40.2	52	59	57	25	50	28	30	55	12	104
25	168	61.9	17.3	5.5	21.9	12.1	10.6	18.3	17.5	34.8	29	40.2	52	59	57	25	50	28	30	60	12.8	122
29	175	63.5	17.1	4.5	20.7	11.8	10.1	17.8	17	35.3	29.4	41	52.2	56	56	30	52	24	28	0	0	15
29	175	63.5	17.1	4.5	20.7	11.8	10.1	17.8	17	35.3	29.4	41	52.2	56	56	30	52	24	28	5	1.25	22
29	175	63.5	17.1	4.5	20.7	11.8	10.1	17.8	17	35.3	29.4	41	52.2	56	56	30	52	24	28	10	4.5	29
29	175	63.5	17.1	4.5	20.7	11.8	10.1	17.8	17	35.3	29.4	41	52.2	56	56	30	52	24	28	15	6	39
29	175	63.5	17.1	4.5	20.7	11.8	10.1	17.8	17	35.3	29.4	41	52.2	56	56	30	52	24	28	20	7.25	48
29	175	63.5	17.1	4.5	20.7	11.8	10.1	17.8	17	35.3	29.4	41	52.2	56	56	30	52	24	28	25	8.25	56
29	175	63.5	17.1	4.5	20.7	11.8	10.1	17.8	17	35.3	29.4	41	52.2	56	56	30	52	24	28	30	9	78
29	175	63.5	17.1	4.5	20.7	11.8	10.1	17.8	17	35.3	29.4	41	52.2	56	56	30	52	24	28	35	10	86
29	175	63.5	17.1	4.5	20.7	11.8	10.1	17.8	17	35.3	29.4	41	52.2	56	56	30	52	24	28	40	11	92
29	175	63.5	17.1	4.5	20.7	11.8	10.1	17.8	17	35.3	29.4	41	52.2	56	56	30	52	24	28	45	12	118
29	175	63.5	17.1	4.5	20.7	11.8	10.1	17.8	17	35.3	29.4	41	52.2	56	56	30	52	24	28	50	13	134
29	175	63.5	17.1	4.5	20.7	11.8	10.1	17.8	17	35.3	29.4	41	52.2	56	56	30	52	24	28	55	13.75	155
29	175	63.5	17.1	4.5	20.7	11.8	10.1	17.8	17	35.3	29.4	41	52.2	56	56	30	52	24	28	60	14.75	171
29	175	63.5	17.1	4.5	20.7	11.8	10.1	17.8	17	35.3	29.4	41	52.2	56	56	30	52	24	28	0	0	14
29	175	63.5	17.1	4.5	20.7	11.8	10.1	17.8	17	35.3	29.4	41	52.2	56	56	30	52	24	28	5	1.25	18
29	175	63.5	17.1	4.5	20.7	11.8	10.1	17.8	17	35.3	29.4	41	52.2	56	56	30	52	24	28	10	4.5	28
29	175	63.5	17.1	4.5	20.7	11.8	10.1	17.8	17	35.3	29.4	41	52.2	56	56	30	52	24	28	15	6	37
29	175	63.5	17.1	4.5	20.7	11.8	10.1	17.8	17	35.3	29.4	41	52.2	56	56	30	52	24	28	20	7.25	49
29	175	63.5	17.1	4.5	20.7	11.8	10.1	17.8	17	35.3	29.4	41	52.2	56	56	30	52	24	28	25	8.25	57
29	175	63.5	17.1	4.5	20.7	11.8	10.1	17.8	17	35.3	29.4	41	52.2	56	56	30	52	24	28	30	9	68
29	175	63.5	17.1	4.5	20.7	11.8	10.1	17.8	17	35.3	29.4	41	52.2	56	56	30	52	24	28	35	10	81
29	175	63.5	17.1	4.5	20.7	11.8	10.1	17.8	17	35.3	29.4	41	52.2	56	56	30	52	24	28	40	11	100
29	175	63.5	17.1	4.5	20.7	11.8	10.1	17.8	17	35.3	29.4	41	52.2	56	56	30	52	24	28	45	12	120
29	175	63.5	17.1	4.5	20.7	11.8	10.1	17.8	17	35.3	29.4	41	52.2	56	56	30	52	24	28	50	13	136
29	175	63.5	17.1	4.5	20.7	11.8	10.1	17.8	17	35.3	29.4	41	52.2	56	56	30	52	24	28	55	13.75	155
29	175	63.5	17.1	4.5	20.7	11.8	10.1	17.8	17	35.3	29.4	41	52.2	56	56	30	52	24	28	60	14.75	171
29	175	63.5	17.1	4.5	20.7	11.8	10.1	17.8	17	35.3	29.4	41	52.2	56	56	30	52	24	28	0	0	14
29	175	63.5	17.1	4.5	20.7	11.8	10.1	17.8	17	35.3	29.4	41	52.2	56	56	30	52	24	28	5	1.25	19
29	175	63.5	17.1	4.5	20.7	11.8	10.1	17.8	17	35.3	29.4	41	52.2	56	56	30	52	24	28	10	4.5	25
29	175	63.5	17.1	4.5	20.7	11.8	10.1	17.8	17	35.3	29.4	41	52.2	56	56	30	52	24	28	15	6	30
29	175	63.5	17.1	4.5	20.7	11.8	10.1	17.8	17	35.3	29.4	41	52.2	56	56	30	52	24	28	20	7.25	39
29	175	63.5	17.1	4.5	20.7	11.8	10.1	17.8	17	35.3	29.4	41	52.2	56	56	30	52	24	28	25	8.25	60
29	175	63.5	17.1	4.5	20.7	11.8	10.1	17.8	17	35.3	29.4	41	52.2	56	56	30	52	24	28	30	9	64
29	175	63.5	17.1	4.5	20.7	11.8	10.1	17.8	17	35.3	29.4	41	52.2	56	56	30	52	24	28	35	10	73
29	175	63.5	17.1	4.5	20.7	11.8	10.1	17.8	17	35.3	29.4	41	52.2	56	56	30	52	24	28	40	11	88
29	175	63.5	17.1	4.5	20.7	11.8	10.1	17.8	17	35.3	29.4	41	52.2	56	56	30	52	24	28	45	12	113
29	175	63.5	17.1	4.5	20.7	11.8	10.1	17.8	17	35.3	29.4	41	52.2	56	56	30	52	24	28	50	13	135
29	175	63.5	17.1	4.5	20.7	11.8	10.1	17.8	17	35.3	29.4	41	52.2	56	56	30	52	24	28	55	13.75	152
29	175	63.5	17.1	4.5	20.7	11.8	10.1	17.8	17	35.3	29.4	41	52.2	56	56	30	52	24	28	60	14.75	169
28	174	71.3	24.6	7.5	23.6	16.9	15	24.8	24.6	32.3	25	38.4	49.6	54	56	16	52	28	26	0	0	14
28	174	71.3	24.6	7.5	23.6	16.9	15	24.8	24.6	32.3	25	38.4	49.6	54	56	16	52	28	26	5	1.25	23
28	174	71.3	24.6	7.5	23.6	16.9	15	24.8	24.6	32.3	25	38.4	49.6	54	56	16	52	28	26	10	2.75	32
28	174	71.3	24.6	7.5	23.6	16.9	15	24.8	24.6	32.3	25	38.4	49.6	54	56	16	52	28	26	15	4.25	44
28	174	71.3	24.6	7.5	23.6	16.9	15	24.8	24.6	32.3	25	38.4	49.6	54	56	16	52	28	26	20	5.5	50
28	174	71.3	24.6	7.5	23.6	16.9	15	24.8	24.6	32.3	25	38.4	49.6	54	56	16	52	28	26	25	6.5	65
28	174	71.3	24.6	7.5	23.6	16.9	15	24.8	24.6	32.3	25	38.4	49.6	54	56	16	52	28	26	30	8	80
28	174	71.3	24.6	7.5	23.6	16.9	15	24.8	24.6	32.3	25	38.4	49.6	54	56	16	52	28	26	35	9	89
28	174	71.3	24.6	7.5	23.6	16.9	15	24.8	24.6	32.3	25	38.4	49.6	54	56	16	52	28	26	40	9.75	103
28	174	71.3	24.6	7.5	23.6	16.9	15	24.8	24.6	32.3	25	38.4	49.6	54	56	16	52	28	26	45	11	140
28	174	71.3	24.6	7.5	23.6	16.9	15	24.8	24.6	32.3	25	38.4	49.6	54	56	16	52	28	26	50	11.5	145
28	174	71.3	24.6	7.5	23.6	16.9	15	24.8	24.6	32.3	25	38.4	49.6	54	56	16	52	28	26	55	13	155
28	174	71.3	24.6	7.5	23.6	16.9	15	24.8	24.6	32.3	25	38.4	49.6	54	56	16	52	28	26	60	14.25	180
28	174	71.3	24.6	7.5	23.6	16.9	15	24.8	24.6	32.3	25	38.4	49.6	54	56	16	52	28	26	0	0	13
28	174	71.3	24.6	7.5	23.6	16.9	15	24.8	24.6	32.3	25	38.4	49.6	54	56	16	52	28	26	5	1.25	17
28	174	71.3	24.6	7.5	23.6	16.9	15	24.8	24.6	32.3	25	38.4	49.6	54	56	16	52	28	26	10	2.75	22
28	174	71.3	24.6	7.5	23.6	16.9	15	24.8	24.6	32.3	25	38.4	49.6	54	56	16	52	28	26	15	4.25	40
28	174	71.3	24.6	7.5	23.6	16.9	15	24.8	24.6	32.3	25	38.4	49.6	54	56	16	52	28	26	20	5.5	49
28	174	71.3	24.6	7.5	23.6	16.9	15	24.8	24.6	32.3	25	38.4	49.6	54	56	16	52	28	26	25	6.5	58
28	174	71.3	24.6	7.5	23.6	16.9	15	24.8	24.6	32.3	25	38.4	49.6	54	56	16	52	28	26	30	8	75
28	174	71.3	24.6	7.5	23.6	16.9	15	24.8	24.6	32.3	25	38.4	49.6	54	56	16	52	28	26	35	9	91
28	174	71.3	24.6	7.5	23.6	16.9	15	24.8	24.6	32.3	25	38.4	49.6	54	56	16	52	28	26	40	9.75	99
28	174	71.3	24.6	7.5	23.6	16.9	15	24.8	24.6	32.3	25	38.4	49.6	54	56	16	52	28	26	45	11	121
28	174	71.3	24.6	7.5	23.6	16.9	15	24.8	24.6	32.3	25	38.4	49.6	54	56	16	52	28	26	50	11.5	127
28	174	71.3	24.6	7.5	23.6	16.9	15	24.8	24.6	32.3	25	38.4	49.6	54	56	16	52	28	26	55	13	160
28	174	71.3	24.6	7.5	23.6	16.9	15	24.8	24.6	32.3	25	38.4	49.6	54	56	16	52	28	26	60	14.25	185
28	174	71.3	24.6	7.5	23.6	16.9	15	24.8	24.6	32.3	25	38.4	49.6	54	56	16	52	28	26	0	0	10
28	174	71.3	24.6	7.5	23.6	16.9	15	24.8	24.6	32.3	25	38.4	49.6	54	56	16	52	28	26	5	1.25	15
28	174	71.3	24.6	7.5	23.6	16.9	15	24.8	24.6	32.3	25	38.4	49.6	54	56	16	52	28	26	10	2.75	18
28	174	71.3	24.6	7.5	23.6	16.9	15	24.8	24.6	32.3	25	38.4	49.6	54	56	16	52	28	26	15	4.25	33
28	174	71.3	24.6	7.5	23.6	16.9	15	24.8	24.6	32.3	25	38.4	49.6	54	56	16	52	28	26	20	5.5	45
28	174	71.3	24.6	7.5	23.6	16.9	15	24.8	24.6	32.3	25	38.4	49.6	54	56	16	52	28	26	25	6.5	54
28	174	71.3	24.6	7.5	23.6	16.9	15	24.8	24.6	32.3	25	38.4	49.6	54	56	16	52	28	26	30	8	67
28	174	71.3	24.6	7.5	23.6	16.9	15	24.8	24.6	32.3	25	38.4	49.6	54	56	16	52	28	26	35	9	74
28	174	71.3	24.6	7.5	23.6	16.9	15	24.8	24.6	32.3	25	38.4	49.6	54	56	16	52	28	26	40	9.75	85
28	174	71.3	24.6	7.5	23.6	16.9	15	24.8	24.6	32.3	25	38.4	49.6	54	56	16	52	28	26	45	11	104
28	174	71.3	24.6	7.5	23.6	16.9	15	24.8	24.6	32.3	25	38.4	49.6	54	56	16	52	28	26	50	11.5	123
28	174	71.3	24.6	7.5	23.6	16.9	15	24.8	24.6	32.3	25	38.4	49.6	54	56	16	52	28	26	55	13	135
28	174	71.3	24.6	7.5	23.6	16.9	15	24.8	24.6	32.3	25	38.4	49.6	54	56	16	52	28	26	60	14.25	155
53	168	67.6	26.7	10	24	18.3	16.3	24.6	24.8	29.2	22.1	36	46.6	50	50	22	48	22	26	0	0	15
53	168	67.6	26.7	10	24	18.3	16.3	24.6	24.8	29.2	22.1	36	46.6	50	50	22	48	22	26	5	1	24
53	168	67.6	26.7	10	24	18.3	16.3	24.6	24.8	29.2	22.1	36	46.6	50	50	22	48	22	26	10	2.25	33
53	168	67.6	26.7	10	24	18.3	16.3	24.6	24.8	29.2	22.1	36	46.6	50	50	22	48	22	26	15	3.75	45
53	168	67.6	26.7	10	24	18.3	16.3	24.6	24.8	29.2	22.1	36	46.6	50	50	22	48	22	26	20	4.75	52
53	168	67.6	26.7	10	24	18.3	16.3	24.6	24.8	29.2	22.1	36	46.6	50	50	22	48	22	26	25	5.5	59
53	168	67.6	26.7	10	24	18.3	16.3	24.6	24.8	29.2	22.1	36	46.6	50	50	22	48	22	26	30	6.75	78
53	168	67.6	26.7	10	24	18.3	16.3	24.6	24.8	29.2	22.1	36	46.6	50	50	22	48	22	26	35	8.5	86
53	168	67.6	26.7	10	24	18.3	16.3	24.6	24.8	29.2	22.1	36	46.6	50	50	22	48	22	26	40	9.5	102
53	168	67.6	26.7	10	24	18.3	16.3	24.6	24.8	29.2	22.1	36	46.6	50	50	22	48	22	26	45	10.25	107
53	168	67.6	26.7	10	24	18.3	16.3	24.6	24.8	29.2	22.1	36	46.6	50	50	22	48	22	26	50	11.75	132
53	168	67.6	26.7	10	24	18.3	16.3	24.6	24.8	29.2	22.1	36	46.6	50	50	22	48	22	26	55	12.25	140
53	168	67.6	26.7	10	24	18.3	16.3	24.6	24.8	29.2	22.1	36	46.6	50	50	22	48	22	26	60	13.5	159
53	168	67.6	26.7	10	24	18.3	16.3	24.6	24.8	29.2	22.1	36	46.6	50	50	22	48	22	26	0	0	15
53	168	67.6	26.7	10	24	18.3	16.3	24.6	24.8	29.2	22.1	36	46.6	50	50	22	48	22	26	5	1	18
53	168	67.6	26.7	10	24	18.3	16.3	24.6	24.8	29.2	22.1	36	46.6	50	50	22	48	22	26	10	2.25	32
53	168	67.6	26.7	10	24	18.3	16.3	24.6	24.8	29.2	22.1	36	46.6	50	50	22	48	22	26	15	3.75	36
53	168	67.6	26.7	10	24	18.3	16.3	24.6	24.8	29.2	22.1	36	46.6	50	50	22	48	22	26	20	4.75	41
53	168	67.6	26.7	10	24	18.3	16.3	24.6	24.8	29.2	22.1	36	46.6	50	50	22	48	22	26	25	5.5	56
53	168	67.6	26.7	10	24	18.3	16.3	24.6	24.8	29.2	22.1	36	46.6	50	50	22	48	22	26	30	6.75	68
53	168	67.6	26.7	10	24	18.3	16.3	24.6	24.8	29.2	22.1	36	46.6	50	50	22	48	22	26	35	8.5	72
53	168	67.6	26.7	10	24	18.3	16.3	24.6	24.8	29.2	22.1	36	46.6	50	50	22	48	22	26	40	9.5	88
53	168	67.6	26.7	10	24	18.3	16.3	24.6	24.8	29.2	22.1	36	46.6	50	50	22	48	22	26	45	10.25	90
53	168	67.6	26.7	10	24	18.3	16.3	24.6	24.8	29.2	22.1	36	46.6	50	50	22	48	22	26	50	11.75	120
53	168	67.6	26.7	10	24	18.3	16.3	24.6	24.8	29.2	22.1	36	46.6	50	50	22	48	22	26	55	12.25	127
53	168	67.6	26.7	10	24	18.3	16.3	24.6	24.8	29.2	22.1	36	46.6	50	50	22	48	22	26	60	13.5	128
53	168	67.6	26.7	10	24	18.3	16.3	24.6	24.8	29.2	22.1	36	46.6	50	50	22	48	22	26	0	0	20
53	168	67.6	26.7	10	24	18.3	16.3	24.6	24.8	29.2	22.1	36	46.6	50	50	22	48	22	26	5	1	24
53	168	67.6	26.7	10	24	18.3	16.3	24.6	24.8	29.2	22.1	36	46.6	50	50	22	48	22	26	10	2.25	31
53	168	67.6	26.7	10	24	18.3	16.3	24.6	24.8	29.2	22.1	36	46.6	50	50	22	48	22	26	15	3.75	38
53	168	67.6	26.7	10	24	18.3	16.3	24.6	24.8	29.2	22.1	36	46.6	50	50	22	48	22	26	20	4.75	45
53	168	67.6	26.7	10	24	18.3	16.3	24.6	24.8	29.2	22.1	36	46.6	50	50	22	48	22	26	25	5.5	55
53	168	67.6	26.7	10	24	18.3	16.3	24.6	24.8	29.2	22.1	36	46.6	50	50	22	48	22	26	30	6.75	66
53	168	67.6	26.7	10	24	18.3	16.3	24.6	24.8	29.2	22.1	36	46.6	50	50	22	48	22	26	35	8.5	75
53	168	67.6	26.7	10	24	18.3	16.3	24.6	24.8	29.2	22.1	36	46.6	50	50	22	48	22	26	40	9.5	92
53	168	67.6	26.7	10	24	18.3	16.3	24.6	24.8	29.2	22.1	36	46.6	50	50	22	48	22	26	45	10.25	95
53	168	67.6	26.7	10	24	18.3	16.3	24.6	24.8	29.2	22.1	36	46.6	50	50	22	48	22	26	50	11.75	111
53	168	67.6	26.7	10	24	18.3	16.3	24.6	24.8	29.2	22.1	36	46.6	50	50	22	48	22	26	55	12.25	115
53	168	67.6	26.7	10	24	18.3	16.3	24.6	24.8	29.2	22.1	36	46.6	50	50	22	48	22	26	60	13.5	136
25	160	48.6	19.8	3	19	13.2	11.2	20.3	19.7	33.8	27.4	40.6	51	52	48	20	48	30	24	0	0	14
25	160	48.6	19.8	3	19	13.2	11.2	20.3	19.7	33.8	27.4	40.6	51	52	48	20	48	30	24	5	1.25	20
25	160	48.6	19.8	3	19	13.2	11.2	20.3	19.7	33.8	27.4	40.6	51	52	48	20	48	30	24	10	2	25
25	160	48.6	19.8	3	19	13.2	11.2	20.3	19.7	33.8	27.4	40.6	51	52	48	20	48	30	24	15	2.75	47
25	160	48.6	19.8	3	19	13.2	11.2	20.3	19.7	33.8	27.4	40.6	51	52	48	20	48	30	24	20	3.5	53
25	160	48.6	19.8	3	19	13.2	11.2	20.3	19.7	33.8	27.4	40.6	51	52	48	20	48	30	24	25	4.5	61
25	160	48.6	19.8	3	19	13.2	11.2	20.3	19.7	33.8	27.4	40.6	51	52	48	20	48	30	24	30	5.25	83
25	160	48.6	19.8	3	19	13.2	11.2	20.3	19.7	33.8	27.4	40.6	51	52	48	20	48	30	24	35	9.25	115
25	160	48.6	19.8	3	19	13.2	11.2	20.3	19.7	33.8	27.4	40.6	51	52	48	20	48	30	24	40	10	127
25	160	48.6	19.8	3	19	13.2	11.2	20.3	19.7	33.8	27.4	40.6	51	52	48	20	48	30	24	45	10.75	141
25	160	48.6	19.8	3	19	13.2	11.2	20.3	19.7	33.8	27.4	40.6	51	52	48	20	48	30	24	50	11	145
25	160	48.6	19.8	3	19	13.2	11.2	20.3	19.7	33.8	27.4	40.6	51	52	48	20	48	30	24	55	11.5	165
25	160	48.6	19.8	3	19	13.2	11.2	20.3	19.7	33.8	27.4	40.6	51	52	48	20	48	30	24	60	12.75	187
25	160	48.6	19.8	3	19	13.2	11.2	20.3	19.7	33.8	27.4	40.6	51	52	48	20	48	30	24	0	0	20
25	160	48.6	19.8	3	19	13.2	11.2	20.3	19.7	33.8	27.4	40.6	51	52	48	20	48	30	24	5	1.25	30
25	160	48.6	19.8	3	19	13.2	11.2	20.3	19.7	33.8	27.4	40.6	51	52	48	20	48	30	24	10	2	36
25	160	48.6	19.8	3	19	13.2	11.2	20.3	19.7	33.8	27.4	40.6	51	52	48	20	48	30	24	15	2.75	41
25	160	48.6	19.8	3	19	13.2	11.2	20.3	19.7	33.8	27.4	40.6	51	52	48	20	48	30	24	20	3.5	55
25	160	48.6	19.8	3	19	13.2	11.2	20.3	19.7	33.8	27.4	40.6	51	52	48	20	48	30	24	25	4.5	58
25	160	48.6	19.8	3	19	13.2	11.2	20.3	19.7	33.8	27.4	40.6	51	52	48	20	48	30	24	30	5.25	67
25	160	48.6	19.8	3	19	13.2	11.2	20.3	19.7	33.8	27.4	40.6	51	52	48	20	48	30	24	35	9.25	87
25	160	48.6	19.8	3	19	13.2	11.2	20.3	19.7	33.8	27.4	40.6	51	52	48	20	48	30	24	40	10	95
25	160	48.6	19.8	3	19	13.2	11.2	20.3	19.7	33.8	27.4	40.6	51	52	48	20	48	30	24	45	10.75	135
25	160	48.6	19.8	3	19	13.2	11.2	20.3	19.7	33.8	27.4	40.6	51	52	48	20	48	30	24	50	11	157
25	160	48.6	19.8	3	19	13.2	11.2	20.3	19.7	33.8	27.4	40.6	51	52	48	20	48	30	24	55	11.5	125
25	160	48.6	19.8	3	19	13.2	11.2	20.3	19.7	33.8	27.4	40.6	51	52	48	20	48	30	24	60	12.75	170
25	160	48.6	19.8	3	19	13.2	11.2	20.3	19.7	33.8	27.4	40.6	51	52	48	20	48	30	24	0	0	9
25	160	48.6	19.8	3	19	13.2	11.2	20.3	19.7	33.8	27.4	40.6	51	52	48	20	48	30	24	5	1.25	18
25	160	48.6	19.8	3	19	13.2	11.2	20.3	19.7	33.8	27.4	40.6	51	52	48	20	48	30	24	10	2	26
25	160	48.6	19.8	3	19	13.2	11.2	20.3	19.7	33.8	27.4	40.6	51	52	48	20	48	30	24	15	2.75	33
25	160	48.6	19.8	3	19	13.2	11.2	20.3	19.7	33.8	27.4	40.6	51	52	48	20	48	30	24	20	3.5	45
25	160	48.6	19.8	3	19	13.2	11.2	20.3	19.7	33.8	27.4	40.6	51	52	48	20	48	30	24	25	4.5	60
25	160	48.6	19.8	3	19	13.2	11.2	20.3	19.7	33.8	27.4	40.6	51	52	48	20	48	30	24	30	5.25	71
25	160	48.6	19.8	3	19	13.2	11.2	20.3	19.7	33.8	27.4	40.6	51	52	48	20	48	30	24	35	9.25	78
25	160	48.6	19.8	3	19	13.2	11.2	20.3	19.7	33.8	27.4	40.6	51	52	48	20	48	30	24	40	10	92
25	160	48.6	19.8	3	19	13.2	11.2	20.3	19.7	33.8	27.4	40.6	51	52	48	20	48	30	24	45	10.75	107
25	160	48.6	19.8	3	19	13.2	11.2	20.3	19.7	33.8	27.4	40.6	51	52	48	20	48	30	24	50	11	134
25	160	48.6	19.8	3	19	13.2	11.2	20.3	19.7	33.8	27.4	40.6	51	52	48	20	48	30	24	55	11.5	146
25	160	48.6	19.8	3	19	13.2	11.2	20.3	19.7	33.8	27.4	40.6	51	52	48	20	48	30	24	60	12.75	149
26	180	80.9	23.3	8.5	25	16.3	14.7	23.1	22.9	33.3	26.1	38.2	50.6	50	52	22	52	26	28	0	0	17
26	180	80.9	23.3	8.5	25	16.3	14.7	23.1	22.9	33.3	26.1	38.2	50.6	50	52	22	52	26	28	5	1	21
26	180	80.9	23.3	8.5	25	16.3	14.7	23.1	22.9	33.3	26.1	38.2	50.6	50	52	22	52	26	28	10	2.75	27
26	180	80.9	23.3	8.5	25	16.3	14.7	23.1	22.9	33.3	26.1	38.2	50.6	50	52	22	52	26	28	15	4	36
26	180	80.9	23.3	8.5	25	16.3	14.7	23.1	22.9	33.3	26.1	38.2	50.6	50	52	22	52	26	28	20	5.5	49
26	180	80.9	23.3	8.5	25	16.3	14.7	23.1	22.9	33.3	26.1	38.2	50.6	50	52	22	52	26	28	25	7	64
26	180	80.9	23.3	8.5	25	16.3	14.7	23.1	22.9	33.3	26.1	38.2	50.6	50	52	22	52	26	28	30	9	75
26	180	80.9	23.3	8.5	25	16.3	14.7	23.1	22.9	33.3	26.1	38.2	50.6	50	52	22	52	26	28	35	10.25	91
26	180	80.9	23.3	8.5	25	16.3	14.7	23.1	22.9	33.3	26.1	38.2	50.6	50	52	22	52	26	28	40	11.5	102
26	180	80.9	23.3	8.5	25	16.3	14.7	23.1	22.9	33.3	26.1	38.2	50.6	50	52	22	52	26	28	45	13.25	105
26	180	80.9	23.3	8.5	25	16.3	14.7	23.1	22.9	33.3	26.1	38.2	50.6	50	52	22	52	26	28	50	15	132
26	180	80.9	23.3	8.5	25	16.3	14.7	23.1	22.9	33.3	26.1	38.2	50.6	50	52	22	52	26	28	55	15.75	154
26	180	80.9	23.3	8.5	25	16.3	14.7	23.1	22.9	33.3	26.1	38.2	50.6	50	52	22	52	26	28	60	16.5	172
26	180	80.9	23.3	8.5	25	16.3	14.7	23.1	22.9	33.3	26.1	38.2	50.6	50	52	22	52	26	28	0	0	16
26	180	80.9	23.3	8.5	25	16.3	14.7	23.1	22.9	33.3	26.1	38.2	50.6	50	52	22	52	26	28	5	1	17
26	180	80.9	23.3	8.5	25	16.3	14.7	23.1	22.9	33.3	26.1	38.2	50.6	50	52	22	52	26	28	10	2.75	24
26	180	80.9	23.3	8.5	25	16.3	14.7	23.1	22.9	33.3	26.1	38.2	50.6	50	52	22	52	26	28	15	4	33
26	180	80.9	23.3	8.5	25	16.3	14.7	23.1	22.9	33.3	26.1	38.2	50.6	50	52	22	52	26	28	20	5.5	51
26	180	80.9	23.3	8.5	25	16.3	14.7	23.1	22.9	33.3	26.1	38.2	50.6	50	52	22	52	26	28	25	7	55
26	180	80.9	23.3	8.5	25	16.3	14.7	23.1	22.9	33.3	26.1	38.2	50.6	50	52	22	52	26	28	30	9	65
26	180	80.9	23.3	8.5	25	16.3	14.7	23.1	22.9	33.3	26.1	38.2	50.6	50	52	22	52	26	28	35	10.25	73
26	180	80.9	23.3	8.5	25	16.3	14.7	23.1	22.9	33.3	26.1	38.2	50.6	50	52	22	52	26	28	40	11.5	85
26	180	80.9	23.3	8.5	25	16.3	14.7	23.1	22.9	33.3	26.1	38.2	50.6	50	52	22	52	26	28	45	13.25	98
26	180	80.9	23.3	8.5	25	16.3	14.7	23.1	22.9	33.3	26.1	38.2	50.6	50	52	22	52	26	28	50	15	118
26	180	80.9	23.3	8.5	25	16.3	14.7	23.1	22.9	33.3	26.1	38.2	50.6	50	52	22	52	26	28	55	15.75	135
26	180	80.9	23.3	8.5	25	16.3	14.7	23.1	22.9	33.3	26.1	38.2	50.6	50	52	22	52	26	28	60	16.5	161
26	180	80.9	23.3	8.5	25	16.3	14.7	23.1	22.9	33.3	26.1	38.2	50.6	50	52	22	52	26	28	0	0	12
26	180	80.9	23.3	8.5	25	16.3	14.7	23.1	22.9	33.3	26.1	38.2	50.6	50	52	22	52	26	28	5	1	18
26	180	80.9	23.3	8.5	25	16.3	14.7	23.1	22.9	33.3	26.1	38.2	50.6	50	52	22	52	26	28	10	2.75	26
26	180	80.9	23.3	8.5	25	16.3	14.7	23.1	22.9	33.3	26.1	38.2	50.6	50	52	22	52	26	28	15	4	38
26	180	80.9	23.3	8.5	25	16.3	14.7	23.1	22.9	33.3	26.1	38.2	50.6	50	52	22	52	26	28	20	5.5	47
26	180	80.9	23.3	8.5	25	16.3	14.7	23.1	22.9	33.3	26.1	38.2	50.6	50	52	22	52	26	28	25	7	65
26	180	80.9	23.3	8.5	25	16.3	14.7	23.1	22.9	33.3	26.1	38.2	50.6	50	52	22	52	26	28	30	9	73
26	180	80.9	23.3	8.5	25	16.3	14.7	23.1	22.9	33.3	26.1	38.2	50.6	50	52	22	52	26	28	35	10.25	82
26	180	80.9	23.3	8.5	25	16.3	14.7	23.1	22.9	33.3	26.1	38.2	50.6	50	52	22	52	26	28	40	11.5	103
26	180	80.9	23.3	8.5	25	16.3	14.7	23.1	22.9	33.3	26.1	38.2	50.6	50	52	22	52	26	28	45	13.25	118
26	180	80.9	23.3	8.5	25	16.3	14.7	23.1	22.9	33.3	26.1	38.2	50.6	50	52	22	52	26	28	50	15	137
26	180	80.9	23.3	8.5	25	16.3	14.7	23.1	22.9	33.3	26.1	38.2	50.6	50	52	22	52	26	28	55	15.75	132
26	180	80.9	23.3	8.5	25	16.3	14.7	23.1	22.9	33.3	26.1	38.2	50.6	50	52	22	52	26	28	60	16.5	160
25	177	65.9	14	4.5	21	9.9	8.5	15.2	14.1	37	31.5	41.4	54.1	50	52	22	52	26	30	0	0	15
25	177	65.9	14	4.5	21	9.9	8.5	15.2	14.1	37	31.5	41.4	54.1	50	52	22	52	26	30	5	0.75	23
25	177	65.9	14	4.5	21	9.9	8.5	15.2	14.1	37	31.5	41.4	54.1	50	52	22	52	26	30	10	1.5	26
25	177	65.9	14	4.5	21	9.9	8.5	15.2	14.1	37	31.5	41.4	54.1	50	52	22	52	26	30	15	2.5	27
25	177	65.9	14	4.5	21	9.9	8.5	15.2	14.1	37	31.5	41.4	54.1	50	52	22	52	26	30	20	3.4	27
25	177	65.9	14	4.5	21	9.9	8.5	15.2	14.1	37	31.5	41.4	54.1	50	52	22	52	26	30	25	5.25	37
25	177	65.9	14	4.5	21	9.9	8.5	15.2	14.1	37	31.5	41.4	54.1	50	52	22	52	26	30	30	6.25	44
25	177	65.9	14	4.5	21	9.9	8.5	15.2	14.1	37	31.5	41.4	54.1	50	52	22	52	26	30	35	7.75	50
25	177	65.9	14	4.5	21	9.9	8.5	15.2	14.1	37	31.5	41.4	54.1	50	52	22	52	26	30	40	8.25	55
25	177	65.9	14	4.5	21	9.9	8.5	15.2	14.1	37	31.5	41.4	54.1	50	52	22	52	26	30	45	9.25	67
25	177	65.9	14	4.5	21	9.9	8.5	15.2	14.1	37	31.5	41.4	54.1	50	52	22	52	26	30	50	10.75	69
25	177	65.9	14	4.5	21	9.9	8.5	15.2	14.1	37	31.5	41.4	54.1	50	52	22	52	26	30	55	12	88
25	177	65.9	14	4.5	21	9.9	8.5	15.2	14.1	37	31.5	41.4	54.1	50	52	22	52	26	30	60	13.25	92
25	177	65.9	14	4.5	21	9.9	8.5	15.2	14.1	37	31.5	41.4	54.1	50	52	22	52	26	30	0	0	15
25	177	65.9	14	4.5	21	9.9	8.5	15.2	14.1	37	31.5	41.4	54.1	50	52	22	52	26	30	5	0.75	17
25	177	65.9	14	4.5	21	9.9	8.5	15.2	14.1	37	31.5	41.4	54.1	50	52	22	52	26	30	10	1.5	18
25	177	65.9	14	4.5	21	9.9	8.5	15.2	14.1	37	31.5	41.4	54.1	50	52	22	52	26	30	15	2.5	21
25	177	65.9	14	4.5	21	9.9	8.5	15.2	14.1	37	31.5	41.4	54.1	50	52	22	52	26	30	20	3.4	29
25	177	65.9	14	4.5	21	9.9	8.5	15.2	14.1	37	31.5	41.4	54.1	50	52	22	52	26	30	25	5.25	33
25	177	65.9	14	4.5	21	9.9	8.5	15.2	14.1	37	31.5	41.4	54.1	50	52	22	52	26	30	30	6.25	37
25	177	65.9	14	4.5	21	9.9	8.5	15.2	14.1	37	31.5	41.4	54.1	50	52	22	52	26	30	35	7.75	45
25	177	65.9	14	4.5	21	9.9	8.5	15.2	14.1	37	31.5	41.4	54.1	50	52	22	52	26	30	40	8.25	52
25	177	65.9	14	4.5	21	9.9	8.5	15.2	14.1	37	31.5	41.4	54.1	50	52	22	52	26	30	45	9.25	72
25	177	65.9	14	4.5	21	9.9	8.5	15.2	14.1	37	31.5	41.4	54.1	50	52	22	52	26	30	50	10.75	85
25	177	65.9	14	4.5	21	9.9	8.5	15.2	14.1	37	31.5	41.4	54.1	50	52	22	52	26	30	55	12	103
25	177	65.9	14	4.5	21	9.9	8.5	15.2	14.1	37	31.5	41.4	54.1	50	52	22	52	26	30	60	13.25	127
25	177	65.9	14	4.5	21	9.9	8.5	15.2	14.1	37	31.5	41.4	54.1	50	52	22	52	26	30	0	0	15
25	177	65.9	14	4.5	21	9.9	8.5	15.2	14.1	37	31.5	41.4	54.1	50	52	22	52	26	30	5	0.75	19
25	177	65.9	14	4.5	21	9.9	8.5	15.2	14.1	37	31.5	41.4	54.1	50	52	22	52	26	30	10	1.5	20
25	177	65.9	14	4.5	21	9.9	8.5	15.2	14.1	37	31.5	41.4	54.1	50	52	22	52	26	30	15	2.5	24
25	177	65.9	14	4.5	21	9.9	8.5	15.2	14.1	37	31.5	41.4	54.1	50	52	22	52	26	30	20	3.4	26
25	177	65.9	14	4.5	21	9.9	8.5	15.2	14.1	37	31.5	41.4	54.1	50	52	22	52	26	30	25	5.25	33
25	177	65.9	14	4.5	21	9.9	8.5	15.2	14.1	37	31.5	41.4	54.1	50	52	22	52	26	30	30	6.25	43
25	177	65.9	14	4.5	21	9.9	8.5	15.2	14.1	37	31.5	41.4	54.1	50	52	22	52	26	30	35	7.75	46
25	177	65.9	14	4.5	21	9.9	8.5	15.2	14.1	37	31.5	41.4	54.1	50	52	22	52	26	30	40	8.25	61
25	177	65.9	14	4.5	21	9.9	8.5	15.2	14.1	37	31.5	41.4	54.1	50	52	22	52	26	30	45	9.25	63
25	177	65.9	14	4.5	21	9.9	8.5	15.2	14.1	37	31.5	41.4	54.1	50	52	22	52	26	30	50	10.75	72
25	177	65.9	14	4.5	21	9.9	8.5	15.2	14.1	37	31.5	41.4	54.1	50	52	22	52	26	30	55	12	77
25	177	65.9	14	4.5	21	9.9	8.5	15.2	14.1	37	31.5	41.4	54.1	50	52	22	52	26	30	60	13.25	88
25	175	92.8	27.5	14	30.3	19.8	18.3	26.3	26.5	31.4	23.4	36	48.7	50	52	26	32	30	32	0	0	9
25	175	92.8	27.5	14	30.3	19.8	18.3	26.3	26.5	31.4	23.4	36	48.7	50	52	26	32	30	32	5	1.25	15
25	175	92.8	27.5	14	30.3	19.8	18.3	26.3	26.5	31.4	23.4	36	48.7	50	52	26	32	30	32	10	2.5	22
25	175	92.8	27.5	14	30.3	19.8	18.3	26.3	26.5	31.4	23.4	36	48.7	50	52	26	32	30	32	15	3.75	37
25	175	92.8	27.5	14	30.3	19.8	18.3	26.3	26.5	31.4	23.4	36	48.7	50	52	26	32	30	32	20	4.5	39
25	175	92.8	27.5	14	30.3	19.8	18.3	26.3	26.5	31.4	23.4	36	48.7	50	52	26	32	30	32	25	5.75	56
25	175	92.8	27.5	14	30.3	19.8	18.3	26.3	26.5	31.4	23.4	36	48.7	50	52	26	32	30	32	30	7.5	84
25	175	92.8	27.5	14	30.3	19.8	18.3	26.3	26.5	31.4	23.4	36	48.7	50	52	26	32	30	32	35	8.75	89
25	175	92.8	27.5	14	30.3	19.8	18.3	26.3	26.5	31.4	23.4	36	48.7	50	52	26	32	30	32	40	10.5	133
25	175	92.8	27.5	14	30.3	19.8	18.3	26.3	26.5	31.4	23.4	36	48.7	50	52	26	32	30	32	45	12.75	135
25	175	92.8	27.5	14	30.3	19.8	18.3	26.3	26.5	31.4	23.4	36	48.7	50	52	26	32	30	32	50	14.25	161
25	175	92.8	27.5	14	30.3	19.8	18.3	26.3	26.5	31.4	23.4	36	48.7	50	52	26	32	30	32	55	15	162
25	175	92.8	27.5	14	30.3	19.8	18.3	26.3	26.5	31.4	23.4	36	48.7	50	52	26	32	30	32	60	16	173
25	175	92.8	27.5	14	30.3	19.8	18.3	26.3	26.5	31.4	23.4	36	48.7	50	52	26	32	30	32	0	0	7
25	175	92.8	27.5	14	30.3	19.8	18.3	26.3	26.5	31.4	23.4	36	48.7	50	52	26	32	30	32	5	1.25	18
25	175	92.8	27.5	14	30.3	19.8	18.3	26.3	26.5	31.4	23.4	36	48.7	50	52	26	32	30	32	10	2.5	25
25	175	92.8	27.5	14	30.3	19.8	18.3	26.3	26.5	31.4	23.4	36	48.7	50	52	26	32	30	32	15	3.75	27
25	175	92.8	27.5	14	30.3	19.8	18.3	26.3	26.5	31.4	23.4	36	48.7	50	52	26	32	30	32	20	4.5	30
25	175	92.8	27.5	14	30.3	19.8	18.3	26.3	26.5	31.4	23.4	36	48.7	50	52	26	32	30	32	25	5.75	41
25	175	92.8	27.5	14	30.3	19.8	18.3	26.3	26.5	31.4	23.4	36	48.7	50	52	26	32	30	32	30	7.5	53
25	175	92.8	27.5	14	30.3	19.8	18.3	26.3	26.5	31.4	23.4	36	48.7	50	52	26	32	30	32	35	8.75	56
25	175	92.8	27.5	14	30.3	19.8	18.3	26.3	26.5	31.4	23.4	36	48.7	50	52	26	32	30	32	40	10.5	83
25	175	92.8	27.5	14	30.3	19.8	18.3	26.3	26.5	31.4	23.4	36	48.7	50	52	26	32	30	32	45	12.75	92
25	175	92.8	27.5	14	30.3	19.8	18.3	26.3	26.5	31.4	23.4	36	48.7	50	52	26	32	30	32	50	14.25	102
25	175	92.8	27.5	14	30.3	19.8	18.3	26.3	26.5	31.4	23.4	36	48.7	50	52	26	32	30	32	55	15	110
25	175	92.8	27.5	14	30.3	19.8	18.3	26.3	26.5	31.4	23.4	36	48.7	50	52	26	32	30	32	60	16	165
25	175	92.8	27.5	14	30.3	19.8	18.3	26.3	26.5	31.4	23.4	36	48.7	50	52	26	32	30	32	0	0	8
25	175	92.8	27.5	14	30.3	19.8	18.3	26.3	26.5	31.4	23.4	36	48.7	50	52	26	32	30	32	5	1.25	16
25	175	92.8	27.5	14	30.3	19.8	18.3	26.3	26.5	31.4	23.4	36	48.7	50	52	26	32	30	32	10	2.5	18
25	175	92.8	27.5	14	30.3	19.8	18.3	26.3	26.5	31.4	23.4	36	48.7	50	52	26	32	30	32	15	3.75	26
25	175	92.8	27.5	14	30.3	19.8	18.3	26.3	26.5	31.4	23.4	36	48.7	50	52	26	32	30	32	20	4.5	29
25	175	92.8	27.5	14	30.3	19.8	18.3	26.3	26.5	31.4	23.4	36	48.7	50	52	26	32	30	32	25	5.75	34
25	175	92.8	27.5	14	30.3	19.8	18.3	26.3	26.5	31.4	23.4	36	48.7	50	52	26	32	30	32	30	7.5	51
25	175	92.8	27.5	14	30.3	19.8	18.3	26.3	26.5	31.4	23.4	36	48.7	50	52	26	32	30	32	35	8.75	48
25	175	92.8	27.5	14	30.3	19.8	18.3	26.3	26.5	31.4	23.4	36	48.7	50	52	26	32	30	32	40	10.5	72
25	175	92.8	27.5	14	30.3	19.8	18.3	26.3	26.5	31.4	23.4	36	48.7	50	52	26	32	30	32	45	12.75	76
25	175	92.8	27.5	14	30.3	19.8	18.3	26.3	26.5	31.4	23.4	36	48.7	50	52	26	32	30	32	50	14.25	106
25	175	92.8	27.5	14	30.3	19.8	18.3	26.3	26.5	31.4	23.4	36	48.7	50	52	26	32	30	32	55	15	165
25	175	92.8	27.5	14	30.3	19.8	18.3	26.3	26.5	31.4	23.4	36	48.7	50	52	26	32	30	32	60	16	175
25	172.5	63.7	17.1	5	21.4	11.9	10.3	18	17.2	35.3	29.4	40.6	52.5	50	52	20	44	30	30	0	0	10
25	172.5	63.7	17.1	5	21.4	11.9	10.3	18	17.2	35.3	29.4	40.6	52.5	50	52	20	44	30	30	5	1.25	18
25	172.5	63.7	17.1	5	21.4	11.9	10.3	18	17.2	35.3	29.4	40.6	52.5	50	52	20	44	30	30	10	2.5	30
25	172.5	63.7	17.1	5	21.4	11.9	10.3	18	17.2	35.3	29.4	40.6	52.5	50	52	20	44	30	30	15	3.25	36
25	172.5	63.7	17.1	5	21.4	11.9	10.3	18	17.2	35.3	29.4	40.6	52.5	50	52	20	44	30	30	20	4.25	41
25	172.5	63.7	17.1	5	21.4	11.9	10.3	18	17.2	35.3	29.4	40.6	52.5	50	52	20	44	30	30	25	5.25	49
25	172.5	63.7	17.1	5	21.4	11.9	10.3	18	17.2	35.3	29.4	40.6	52.5	50	52	20	44	30	30	30	6.25	44
25	172.5	63.7	17.1	5	21.4	11.9	10.3	18	17.2	35.3	29.4	40.6	52.5	50	52	20	44	30	30	35	7.5	47
25	172.5	63.7	17.1	5	21.4	11.9	10.3	18	17.2	35.3	29.4	40.6	52.5	50	52	20	44	30	30	40	9	84
25	172.5	63.7	17.1	5	21.4	11.9	10.3	18	17.2	35.3	29.4	40.6	52.5	50	52	20	44	30	30	45	9.25	120
25	172.5	63.7	17.1	5	21.4	11.9	10.3	18	17.2	35.3	29.4	40.6	52.5	50	52	20	44	30	30	50	9.75	135
25	172.5	63.7	17.1	5	21.4	11.9	10.3	18	17.2	35.3	29.4	40.6	52.5	50	52	20	44	30	30	55	11	177
25	172.5	63.7	17.1	5	21.4	11.9	10.3	18	17.2	35.3	29.4	40.6	52.5	50	52	20	44	30	30	60	11.5	182
25	172.5	63.7	17.1	5	21.4	11.9	10.3	18	17.2	35.3	29.4	40.6	52.5	50	52	20	44	30	30	0	0	8
25	172.5	63.7	17.1	5	21.4	11.9	10.3	18	17.2	35.3	29.4	40.6	52.5	50	52	20	44	30	30	5	1.25	13
25	172.5	63.7	17.1	5	21.4	11.9	10.3	18	17.2	35.3	29.4	40.6	52.5	50	52	20	44	30	30	10	2.5	20
25	172.5	63.7	17.1	5	21.4	11.9	10.3	18	17.2	35.3	29.4	40.6	52.5	50	52	20	44	30	30	15	3.25	27
25	172.5	63.7	17.1	5	21.4	11.9	10.3	18	17.2	35.3	29.4	40.6	52.5	50	52	20	44	30	30	20	4.25	28
25	172.5	63.7	17.1	5	21.4	11.9	10.3	18	17.2	35.3	29.4	40.6	52.5	50	52	20	44	30	30	25	5.25	39
25	172.5	63.7	17.1	5	21.4	11.9	10.3	18	17.2	35.3	29.4	40.6	52.5	50	52	20	44	30	30	30	6.25	51
25	172.5	63.7	17.1	5	21.4	11.9	10.3	18	17.2	35.3	29.4	40.6	52.5	50	52	20	44	30	30	35	7.5	58
25	172.5	63.7	17.1	5	21.4	11.9	10.3	18	17.2	35.3	29.4	40.6	52.5	50	52	20	44	30	30	40	9	85
25	172.5	63.7	17.1	5	21.4	11.9	10.3	18	17.2	35.3	29.4	40.6	52.5	50	52	20	44	30	30	45	9.25	86
25	172.5	63.7	17.1	5	21.4	11.9	10.3	18	17.2	35.3	29.4	40.6	52.5	50	52	20	44	30	30	50	9.75	112
25	172.5	63.7	17.1	5	21.4	11.9	10.3	18	17.2	35.3	29.4	40.6	52.5	50	52	20	44	30	30	55	11	110
25	172.5	63.7	17.1	5	21.4	11.9	10.3	18	17.2	35.3	29.4	40.6	52.5	50	52	20	44	30	30	60	11.5	175
25	172.5	63.7	17.1	5	21.4	11.9	10.3	18	17.2	35.3	29.4	40.6	52.5	50	52	20	44	30	30	0	0	5
25	172.5	63.7	17.1	5	21.4	11.9	10.3	18	17.2	35.3	29.4	40.6	52.5	50	52	20	44	30	30	5	1.25	15
25	172.5	63.7	17.1	5	21.4	11.9	10.3	18	17.2	35.3	29.4	40.6	52.5	50	52	20	44	30	30	10	2.5	24
25	172.5	63.7	17.1	5	21.4	11.9	10.3	18	17.2	35.3	29.4	40.6	52.5	50	52	20	44	30	30	15	3.25	27
25	172.5	63.7	17.1	5	21.4	11.9	10.3	18	17.2	35.3	29.4	40.6	52.5	50	52	20	44	30	30	20	4.25	40
25	172.5	63.7	17.1	5	21.4	11.9	10.3	18	17.2	35.3	29.4	40.6	52.5	50	52	20	44	30	30	25	5.25	58
25	172.5	63.7	17.1	5	21.4	11.9	10.3	18	17.2	35.3	29.4	40.6	52.5	50	52	20	44	30	30	30	6.25	61
25	172.5	63.7	17.1	5	21.4	11.9	10.3	18	17.2	35.3	29.4	40.6	52.5	50	52	20	44	30	30	35	7.5	78
25	172.5	63.7	17.1	5	21.4	11.9	10.3	18	17.2	35.3	29.4	40.6	52.5	50	52	20	44	30	30	40	9	82
25	172.5	63.7	17.1	5	21.4	11.9	10.3	18	17.2	35.3	29.4	40.6	52.5	50	52	20	44	30	30	45	9.25	105
25	172.5	63.7	17.1	5	21.4	11.9	10.3	18	17.2	35.3	29.4	40.6	52.5	50	52	20	44	30	30	50	9.75	101
25	172.5	63.7	17.1	5	21.4	11.9	10.3	18	17.2	35.3	29.4	40.6	52.5	50	52	20	44	30	30	55	11	121
25	172.5	63.7	17.1	5	21.4	11.9	10.3	18	17.2	35.3	29.4	40.6	52.5	50	52	20	44	30	30	60	11.5	163
25	181	77.3	24.6	7	23.6	16.9	15	24.9	24.7	33.1	25.5	38.8	50.3	50	50	20	52	28	24	0	0	12
25	181	77.3	24.6	7	23.6	16.9	15	24.9	24.7	33.1	25.5	38.8	50.3	50	50	20	52	28	24	5	2.75	19
25	181	77.3	24.6	7	23.6	16.9	15	24.9	24.7	33.1	25.5	38.8	50.3	50	50	20	52	28	24	10	4	26
25	181	77.3	24.6	7	23.6	16.9	15	24.9	24.7	33.1	25.5	38.8	50.3	50	50	20	52	28	24	15	5.25	28
25	181	77.3	24.6	7	23.6	16.9	15	24.9	24.7	33.1	25.5	38.8	50.3	50	50	20	52	28	24	20	6.25	40
25	181	77.3	24.6	7	23.6	16.9	15	24.9	24.7	33.1	25.5	38.8	50.3	50	50	20	52	28	24	25	7.25	52
25	181	77.3	24.6	7	23.6	16.9	15	24.9	24.7	33.1	25.5	38.8	50.3	50	50	20	52	28	24	30	9	61
25	181	77.3	24.6	7	23.6	16.9	15	24.9	24.7	33.1	25.5	38.8	50.3	50	50	20	52	28	24	35	9.75	75
25	181	77.3	24.6	7	23.6	16.9	15	24.9	24.7	33.1	25.5	38.8	50.3	50	50	20	52	28	24	40	10.25	82
25	181	77.3	24.6	7	23.6	16.9	15	24.9	24.7	33.1	25.5	38.8	50.3	50	50	20	52	28	24	45	11.25	98
25	181	77.3	24.6	7	23.6	16.9	15	24.9	24.7	33.1	25.5	38.8	50.3	50	50	20	52	28	24	50	12.25	105
25	181	77.3	24.6	7	23.6	16.9	15	24.9	24.7	33.1	25.5	38.8	50.3	50	50	20	52	28	24	55	13.25	115
25	181	77.3	24.6	7	23.6	16.9	15	24.9	24.7	33.1	25.5	38.8	50.3	50	50	20	52	28	24	60	14.25	121
25	181	77.3	24.6	7	23.6	16.9	15	24.9	24.7	33.1	25.5	38.8	50.3	50	50	20	52	28	24	0	0	11
25	181	77.3	24.6	7	23.6	16.9	15	24.9	24.7	33.1	25.5	38.8	50.3	50	50	20	52	28	24	5	2.75	18
25	181	77.3	24.6	7	23.6	16.9	15	24.9	24.7	33.1	25.5	38.8	50.3	50	50	20	52	28	24	10	4	25
25	181	77.3	24.6	7	23.6	16.9	15	24.9	24.7	33.1	25.5	38.8	50.3	50	50	20	52	28	24	15	5.25	34
25	181	77.3	24.6	7	23.6	16.9	15	24.9	24.7	33.1	25.5	38.8	50.3	50	50	20	52	28	24	20	6.25	41
25	181	77.3	24.6	7	23.6	16.9	15	24.9	24.7	33.1	25.5	38.8	50.3	50	50	20	52	28	24	25	7.25	48
25	181	77.3	24.6	7	23.6	16.9	15	24.9	24.7	33.1	25.5	38.8	50.3	50	50	20	52	28	24	30	9	55
25	181	77.3	24.6	7	23.6	16.9	15	24.9	24.7	33.1	25.5	38.8	50.3	50	50	20	52	28	24	35	9.75	64
25	181	77.3	24.6	7	23.6	16.9	15	24.9	24.7	33.1	25.5	38.8	50.3	50	50	20	52	28	24	40	10.25	78
25	181	77.3	24.6	7	23.6	16.9	15	24.9	24.7	33.1	25.5	38.8	50.3	50	50	20	52	28	24	45	11.25	102
25	181	77.3	24.6	7	23.6	16.9	15	24.9	24.7	33.1	25.5	38.8	50.3	50	50	20	52	28	24	50	12.25	114
25	181	77.3	24.6	7	23.6	16.9	15	24.9	24.7	33.1	25.5	38.8	50.3	50	50	20	52	28	24	55	13.25	117
25	181	77.3	24.6	7	23.6	16.9	15	24.9	24.7	33.1	25.5	38.8	50.3	50	50	20	52	28	24	60	14.25	138
25	181	77.3	24.6	7	23.6	16.9	15	24.9	24.7	33.1	25.5	38.8	50.3	50	50	20	52	28	24	0	0	13
25	181	77.3	24.6	7	23.6	16.9	15	24.9	24.7	33.1	25.5	38.8	50.3	50	50	20	52	28	24	5	2.75	16
25	181	77.3	24.6	7	23.6	16.9	15	24.9	24.7	33.1	25.5	38.8	50.3	50	50	20	52	28	24	10	4	18
25	181	77.3	24.6	7	23.6	16.9	15	24.9	24.7	33.1	25.5	38.8	50.3	50	50	20	52	28	24	15	5.25	27
25	181	77.3	24.6	7	23.6	16.9	15	24.9	24.7	33.1	25.5	38.8	50.3	50	50	20	52	28	24	20	6.25	41
25	181	77.3	24.6	7	23.6	16.9	15	24.9	24.7	33.1	25.5	38.8	50.3	50	50	20	52	28	24	25	7.25	46
25	181	77.3	24.6	7	23.6	16.9	15	24.9	24.7	33.1	25.5	38.8	50.3	50	50	20	52	28	24	30	9	66
25	181	77.3	24.6	7	23.6	16.9	15	24.9	24.7	33.1	25.5	38.8	50.3	50	50	20	52	28	24	35	9.75	71
25	181	77.3	24.6	7	23.6	16.9	15	24.9	24.7	33.1	25.5	38.8	50.3	50	50	20	52	28	24	40	10.25	84
25	181	77.3	24.6	7	23.6	16.9	15	24.9	24.7	33.1	25.5	38.8	50.3	50	50	20	52	28	24	45	11.25	93
25	181	77.3	24.6	7	23.6	16.9	15	24.9	24.7	33.1	25.5	38.8	50.3	50	50	20	52	28	24	50	12.25	112
25	181	77.3	24.6	7	23.6	16.9	15	24.9	24.7	33.1	25.5	38.8	50.3	50	50	20	52	28	24	55	13.25	126
25	181	77.3	24.6	7	23.6	16.9	15	24.9	24.7	33.1	25.5	38.8	50.3	50	50	20	52	28	24	60	14.25	138
25	164	49.9	13	2.5	18.6	8.9	7.3	14.9	13.7	36.2	31.2	42	53.3	52	50	20	38	30	34	0	0	2
25	164	49.9	13	2.5	18.6	8.9	7.3	14.9	13.7	36.2	31.2	42	53.3	52	50	20	38	30	34	5	0.5	2
25	164	49.9	13	2.5	18.6	8.9	7.3	14.9	13.7	36.2	31.2	42	53.3	52	50	20	38	30	34	10	1.5	6
25	164	49.9	13	2.5	18.6	8.9	7.3	14.9	13.7	36.2	31.2	42	53.3	52	50	20	38	30	34	15	2.5	12
25	164	49.9	13	2.5	18.6	8.9	7.3	14.9	13.7	36.2	31.2	42	53.3	52	50	20	38	30	34	20	3.75	23
25	164	49.9	13	2.5	18.6	8.9	7.3	14.9	13.7	36.2	31.2	42	53.3	52	50	20	38	30	34	25	5	28
25	164	49.9	13	2.5	18.6	8.9	7.3	14.9	13.7	36.2	31.2	42	53.3	52	50	20	38	30	34	30	6	36
25	164	49.9	13	2.5	18.6	8.9	7.3	14.9	13.7	36.2	31.2	42	53.3	52	50	20	38	30	34	35	7.5	42
25	164	49.9	13	2.5	18.6	8.9	7.3	14.9	13.7	36.2	31.2	42	53.3	52	50	20	38	30	34	40	8.5	67
25	164	49.9	13	2.5	18.6	8.9	7.3	14.9	13.7	36.2	31.2	42	53.3	52	50	20	38	30	34	45	9	72
25	164	49.9	13	2.5	18.6	8.9	7.3	14.9	13.7	36.2	31.2	42	53.3	52	50	20	38	30	34	50	9.75	85
25	164	49.9	13	2.5	18.6	8.9	7.3	14.9	13.7	36.2	31.2	42	53.3	52	50	20	38	30	34	55	10.75	94
25	164	49.9	13	2.5	18.6	8.9	7.3	14.9	13.7	36.2	31.2	42	53.3	52	50	20	38	30	34	60	11.5	101
25	164	49.9	13	2.5	18.6	8.9	7.3	14.9	13.7	36.2	31.2	42	53.3	52	50	20	38	30	34	0	0	3
25	164	49.9	13	2.5	18.6	8.9	7.3	14.9	13.7	36.2	31.2	42	53.3	52	50	20	38	30	34	5	0.5	6
25	164	49.9	13	2.5	18.6	8.9	7.3	14.9	13.7	36.2	31.2	42	53.3	52	50	20	38	30	34	10	1.5	13
25	164	49.9	13	2.5	18.6	8.9	7.3	14.9	13.7	36.2	31.2	42	53.3	52	50	20	38	30	34	15	2.5	17
25	164	49.9	13	2.5	18.6	8.9	7.3	14.9	13.7	36.2	31.2	42	53.3	52	50	20	38	30	34	20	3.75	27
25	164	49.9	13	2.5	18.6	8.9	7.3	14.9	13.7	36.2	31.2	42	53.3	52	50	20	38	30	34	25	5	28
25	164	49.9	13	2.5	18.6	8.9	7.3	14.9	13.7	36.2	31.2	42	53.3	52	50	20	38	30	34	30	6	39
25	164	49.9	13	2.5	18.6	8.9	7.3	14.9	13.7	36.2	31.2	42	53.3	52	50	20	38	30	34	35	7.5	56
25	164	49.9	13	2.5	18.6	8.9	7.3	14.9	13.7	36.2	31.2	42	53.3	52	50	20	38	30	34	40	8.5	63
25	164	49.9	13	2.5	18.6	8.9	7.3	14.9	13.7	36.2	31.2	42	53.3	52	50	20	38	30	34	45	9	75
25	164	49.9	13	2.5	18.6	8.9	7.3	14.9	13.7	36.2	31.2	42	53.3	52	50	20	38	30	34	50	9.75	84
25	164	49.9	13	2.5	18.6	8.9	7.3	14.9	13.7	36.2	31.2	42	53.3	52	50	20	38	30	34	55	10.75	92
25	164	49.9	13	2.5	18.6	8.9	7.3	14.9	13.7	36.2	31.2	42	53.3	52	50	20	38	30	34	60	11.5	102
25	164	49.9	13	2.5	18.6	8.9	7.3	14.9	13.7	36.2	31.2	42	53.3	52	50	20	38	30	34	0	0	5
25	164	49.9	13	2.5	18.6	8.9	7.3	14.9	13.7	36.2	31.2	42	53.3	52	50	20	38	30	34	5	0.5	4
25	164	49.9	13	2.5	18.6	8.9	7.3	14.9	13.7	36.2	31.2	42	53.3	52	50	20	38	30	34	10	1.5	10
25	164	49.9	13	2.5	18.6	8.9	7.3	14.9	13.7	36.2	31.2	42	53.3	52	50	20	38	30	34	15	2.5	16
25	164	49.9	13	2.5	18.6	8.9	7.3	14.9	13.7	36.2	31.2	42	53.3	52	50	20	38	30	34	20	3.75	20
25	164	49.9	13	2.5	18.6	8.9	7.3	14.9	13.7	36.2	31.2	42	53.3	52	50	20	38	30	34	25	5	29
25	164	49.9	13	2.5	18.6	8.9	7.3	14.9	13.7	36.2	31.2	42	53.3	52	50	20	38	30	34	30	6	40
25	164	49.9	13	2.5	18.6	8.9	7.3	14.9	13.7	36.2	31.2	42	53.3	52	50	20	38	30	34	35	7.5	48
25	164	49.9	13	2.5	18.6	8.9	7.3	14.9	13.7	36.2	31.2	42	53.3	52	50	20	38	30	34	40	8.5	63
25	164	49.9	13	2.5	18.6	8.9	7.3	14.9	13.7	36.2	31.2	42	53.3	52	50	20	38	30	34	45	9	75
25	164	49.9	13	2.5	18.6	8.9	7.3	14.9	13.7	36.2	31.2	42	53.3	52	50	20	38	30	34	50	9.75	82
25	164	49.9	13	2.5	18.6	8.9	7.3	14.9	13.7	36.2	31.2	42	53.3	52	50	20	38	30	34	55	10.75	91
25	164	49.9	13	2.5	18.6	8.9	7.3	14.9	13.7	36.2	31.2	42	53.3	52	50	20	38	30	34	60	11.5	92
25	177	70.4	18.6	6	22.5	13	11.4	19.1	18.5	35.1	28.8	40.2	52.3	48	48	18	44	30	25	0	0	14
25	177	70.4	18.6	6	22.5	13	11.4	19.1	18.5	35.1	28.8	40.2	52.3	48	48	18	44	30	25	5	2	18
25	177	70.4	18.6	6	22.5	13	11.4	19.1	18.5	35.1	28.8	40.2	52.3	48	48	18	44	30	25	10	3	25
25	177	70.4	18.6	6	22.5	13	11.4	19.1	18.5	35.1	28.8	40.2	52.3	48	48	18	44	30	25	15	4.75	32
25	177	70.4	18.6	6	22.5	13	11.4	19.1	18.5	35.1	28.8	40.2	52.3	48	48	18	44	30	25	20	6.25	40
25	177	70.4	18.6	6	22.5	13	11.4	19.1	18.5	35.1	28.8	40.2	52.3	48	48	18	44	30	25	25	7.25	45
25	177	70.4	18.6	6	22.5	13	11.4	19.1	18.5	35.1	28.8	40.2	52.3	48	48	18	44	30	25	30	8.5	55
25	177	70.4	18.6	6	22.5	13	11.4	19.1	18.5	35.1	28.8	40.2	52.3	48	48	18	44	30	25	35	9.5	67
25	177	70.4	18.6	6	22.5	13	11.4	19.1	18.5	35.1	28.8	40.2	52.3	48	48	18	44	30	25	40	10.5	62
25	177	70.4	18.6	6	22.5	13	11.4	19.1	18.5	35.1	28.8	40.2	52.3	48	48	18	44	30	25	45	11	67
25	177	70.4	18.6	6	22.5	13	11.4	19.1	18.5	35.1	28.8	40.2	52.3	48	48	18	44	30	25	50	11.25	77
25	177	70.4	18.6	6	22.5	13	11.4	19.1	18.5	35.1	28.8	40.2	52.3	48	48	18	44	30	25	55	12	76
25	177	70.4	18.6	6	22.5	13	11.4	19.1	18.5	35.1	28.8	40.2	52.3	48	48	18	44	30	25	60	12.5	88
25	177	70.4	18.6	6	22.5	13	11.4	19.1	18.5	35.1	28.8	40.2	52.3	48	48	18	44	30	25	0	0	12
25	177	70.4	18.6	6	22.5	13	11.4	19.1	18.5	35.1	28.8	40.2	52.3	48	48	18	44	30	25	5	2	21
25	177	70.4	18.6	6	22.5	13	11.4	19.1	18.5	35.1	28.8	40.2	52.3	48	48	18	44	30	25	10	3	27
25	177	70.4	18.6	6	22.5	13	11.4	19.1	18.5	35.1	28.8	40.2	52.3	48	48	18	44	30	25	15	4.75	29
25	177	70.4	18.6	6	22.5	13	11.4	19.1	18.5	35.1	28.8	40.2	52.3	48	48	18	44	30	25	20	6.25	40
25	177	70.4	18.6	6	22.5	13	11.4	19.1	18.5	35.1	28.8	40.2	52.3	48	48	18	44	30	25	25	7.25	50
25	177	70.4	18.6	6	22.5	13	11.4	19.1	18.5	35.1	28.8	40.2	52.3	48	48	18	44	30	25	30	8.5	55
25	177	70.4	18.6	6	22.5	13	11.4	19.1	18.5	35.1	28.8	40.2	52.3	48	48	18	44	30	25	35	9.5	64
25	177	70.4	18.6	6	22.5	13	11.4	19.1	18.5	35.1	28.8	40.2	52.3	48	48	18	44	30	25	40	10.5	65
25	177	70.4	18.6	6	22.5	13	11.4	19.1	18.5	35.1	28.8	40.2	52.3	48	48	18	44	30	25	45	11	75
25	177	70.4	18.6	6	22.5	13	11.4	19.1	18.5	35.1	28.8	40.2	52.3	48	48	18	44	30	25	50	11.25	78
25	177	70.4	18.6	6	22.5	13	11.4	19.1	18.5	35.1	28.8	40.2	52.3	48	48	18	44	30	25	55	12	83
25	177	70.4	18.6	6	22.5	13	11.4	19.1	18.5	35.1	28.8	40.2	52.3	48	48	18	44	30	25	60	12.5	78
25	177	70.4	18.6	6	22.5	13	11.4	19.1	18.5	35.1	28.8	40.2	52.3	48	48	18	44	30	25	0	0	16
25	177	70.4	18.6	6	22.5	13	11.4	19.1	18.5	35.1	28.8	40.2	52.3	48	48	18	44	30	25	5	2	17
25	177	70.4	18.6	6	22.5	13	11.4	19.1	18.5	35.1	28.8	40.2	52.3	48	48	18	44	30	25	10	3	24
25	177	70.4	18.6	6	22.5	13	11.4	19.1	18.5	35.1	28.8	40.2	52.3	48	48	18	44	30	25	15	4.75	26
25	177	70.4	18.6	6	22.5	13	11.4	19.1	18.5	35.1	28.8	40.2	52.3	48	48	18	44	30	25	20	6.25	34
25	177	70.4	18.6	6	22.5	13	11.4	19.1	18.5	35.1	28.8	40.2	52.3	48	48	18	44	30	25	25	7.25	45
25	177	70.4	18.6	6	22.5	13	11.4	19.1	18.5	35.1	28.8	40.2	52.3	48	48	18	44	30	25	30	8.5	57
25	177	70.4	18.6	6	22.5	13	11.4	19.1	18.5	35.1	28.8	40.2	52.3	48	48	18	44	30	25	35	9.5	66
25	177	70.4	18.6	6	22.5	13	11.4	19.1	18.5	35.1	28.8	40.2	52.3	48	48	18	44	30	25	40	10.5	66
25	177	70.4	18.6	6	22.5	13	11.4	19.1	18.5	35.1	28.8	40.2	52.3	48	48	18	44	30	25	45	11	65
25	177	70.4	18.6	6	22.5	13	11.4	19.1	18.5	35.1	28.8	40.2	52.3	48	48	18	44	30	25	50	11.25	66
25	177	70.4	18.6	6	22.5	13	11.4	19.1	18.5	35.1	28.8	40.2	52.3	48	48	18	44	30	25	55	12	68
25	177	70.4	18.6	6	22.5	13	11.4	19.1	18.5	35.1	28.8	40.2	52.3	48	48	18	44	30	25	60	12.5	66
25	173	66.6	16.6	5.5	22.3	11.7	10.3	17.4	16.5	35.6	29.7	40.4	52.7	50	50	20	52	32	28	0	0	9
25	173	66.6	16.6	5.5	22.3	11.7	10.3	17.4	16.5	35.6	29.7	40.4	52.7	50	50	20	52	32	28	5	1	16
25	173	66.6	16.6	5.5	22.3	11.7	10.3	17.4	16.5	35.6	29.7	40.4	52.7	50	50	20	52	32	28	10	2	24
25	173	66.6	16.6	5.5	22.3	11.7	10.3	17.4	16.5	35.6	29.7	40.4	52.7	50	50	20	52	32	28	15	3.5	38
25	173	66.6	16.6	5.5	22.3	11.7	10.3	17.4	16.5	35.6	29.7	40.4	52.7	50	50	20	52	32	28	20	5	45
25	173	66.6	16.6	5.5	22.3	11.7	10.3	17.4	16.5	35.6	29.7	40.4	52.7	50	50	20	52	32	28	25	6.5	57
25	173	66.6	16.6	5.5	22.3	11.7	10.3	17.4	16.5	35.6	29.7	40.4	52.7	50	50	20	52	32	28	30	8	67
25	173	66.6	16.6	5.5	22.3	11.7	10.3	17.4	16.5	35.6	29.7	40.4	52.7	50	50	20	52	32	28	35	8.5	75
25	173	66.6	16.6	5.5	22.3	11.7	10.3	17.4	16.5	35.6	29.7	40.4	52.7	50	50	20	52	32	28	40	9.5	83
25	173	66.6	16.6	5.5	22.3	11.7	10.3	17.4	16.5	35.6	29.7	40.4	52.7	50	50	20	52	32	28	45	9.75	88
25	173	66.6	16.6	5.5	22.3	11.7	10.3	17.4	16.5	35.6	29.7	40.4	52.7	50	50	20	52	32	28	50	11	112
25	173	66.6	16.6	5.5	22.3	11.7	10.3	17.4	16.5	35.6	29.7	40.4	52.7	50	50	20	52	32	28	55	12.25	115
25	173	66.6	16.6	5.5	22.3	11.7	10.3	17.4	16.5	35.6	29.7	40.4	52.7	50	50	20	52	32	28	60	13	137
25	173	66.6	16.6	5.5	22.3	11.7	10.3	17.4	16.5	35.6	29.7	40.4	52.7	50	50	20	52	32	28	0	0	4
25	173	66.6	16.6	5.5	22.3	11.7	10.3	17.4	16.5	35.6	29.7	40.4	52.7	50	50	20	52	32	28	5	1	10
25	173	66.6	16.6	5.5	22.3	11.7	10.3	17.4	16.5	35.6	29.7	40.4	52.7	50	50	20	52	32	28	10	2	17
25	173	66.6	16.6	5.5	22.3	11.7	10.3	17.4	16.5	35.6	29.7	40.4	52.7	50	50	20	52	32	28	15	3.5	28
25	173	66.6	16.6	5.5	22.3	11.7	10.3	17.4	16.5	35.6	29.7	40.4	52.7	50	50	20	52	32	28	20	5	29
25	173	66.6	16.6	5.5	22.3	11.7	10.3	17.4	16.5	35.6	29.7	40.4	52.7	50	50	20	52	32	28	25	6.5	44
25	173	66.6	16.6	5.5	22.3	11.7	10.3	17.4	16.5	35.6	29.7	40.4	52.7	50	50	20	52	32	28	30	8	60
25	173	66.6	16.6	5.5	22.3	11.7	10.3	17.4	16.5	35.6	29.7	40.4	52.7	50	50	20	52	32	28	35	8.5	65
25	173	66.6	16.6	5.5	22.3	11.7	10.3	17.4	16.5	35.6	29.7	40.4	52.7	50	50	20	52	32	28	40	9.5	82
25	173	66.6	16.6	5.5	22.3	11.7	10.3	17.4	16.5	35.6	29.7	40.4	52.7	50	50	20	52	32	28	45	9.75	84
25	173	66.6	16.6	5.5	22.3	11.7	10.3	17.4	16.5	35.6	29.7	40.4	52.7	50	50	20	52	32	28	50	11	100
25	173	66.6	16.6	5.5	22.3	11.7	10.3	17.4	16.5	35.6	29.7	40.4	52.7	50	50	20	52	32	28	55	12.25	105
25	173	66.6	16.6	5.5	22.3	11.7	10.3	17.4	16.5	35.6	29.7	40.4	52.7	50	50	20	52	32	28	60	13	118
25	173	66.6	16.6	5.5	22.3	11.7	10.3	17.4	16.5	35.6	29.7	40.4	52.7	50	50	20	52	32	28	0	0	7
25	173	66.6	16.6	5.5	22.3	11.7	10.3	17.4	16.5	35.6	29.7	40.4	52.7	50	50	20	52	32	28	5	1	13
25	173	66.6	16.6	5.5	22.3	11.7	10.3	17.4	16.5	35.6	29.7	40.4	52.7	50	50	20	52	32	28	10	2	15
25	173	66.6	16.6	5.5	22.3	11.7	10.3	17.4	16.5	35.6	29.7	40.4	52.7	50	50	20	52	32	28	15	3.5	20
25	173	66.6	16.6	5.5	22.3	11.7	10.3	17.4	16.5	35.6	29.7	40.4	52.7	50	50	20	52	32	28	20	5	25
25	173	66.6	16.6	5.5	22.3	11.7	10.3	17.4	16.5	35.6	29.7	40.4	52.7	50	50	20	52	32	28	25	6.5	32
25	173	66.6	16.6	5.5	22.3	11.7	10.3	17.4	16.5	35.6	29.7	40.4	52.7	50	50	20	52	32	28	30	8	41
25	173	66.6	16.6	5.5	22.3	11.7	10.3	17.4	16.5	35.6	29.7	40.4	52.7	50	50	20	52	32	28	35	8.5	47
25	173	66.6	16.6	5.5	22.3	11.7	10.3	17.4	16.5	35.6	29.7	40.4	52.7	50	50	20	52	32	28	40	9.5	56
25	173	66.6	16.6	5.5	22.3	11.7	10.3	17.4	16.5	35.6	29.7	40.4	52.7	50	50	20	52	32	28	45	9.75	64
25	173	66.6	16.6	5.5	22.3	11.7	10.3	17.4	16.5	35.6	29.7	40.4	52.7	50	50	20	52	32	28	50	11	76
25	173	66.6	16.6	5.5	22.3	11.7	10.3	17.4	16.5	35.6	29.7	40.4	52.7	50	50	20	52	32	28	55	12.25	90
25	173	66.6	16.6	5.5	22.3	11.7	10.3	17.4	16.5	35.6	29.7	40.4	52.7	50	50	20	52	32	28	60	13	120
25	168.5	61.9	14.7	5.5	21.8	10.5	9.1	15.9	14.9	35.8	30.4	40.8	53	48	47	24	46	28	26	0	0	4
25	168.5	61.9	14.7	5.5	21.8	10.5	9.1	15.9	14.9	35.8	30.4	40.8	53	48	47	24	46	28	26	5	1.25	10
25	168.5	61.9	14.7	5.5	21.8	10.5	9.1	15.9	14.9	35.8	30.4	40.8	53	48	47	24	46	28	26	10	2.5	14
25	168.5	61.9	14.7	5.5	21.8	10.5	9.1	15.9	14.9	35.8	30.4	40.8	53	48	47	24	46	28	26	15	3.25	22
25	168.5	61.9	14.7	5.5	21.8	10.5	9.1	15.9	14.9	35.8	30.4	40.8	53	48	47	24	46	28	26	20	4.5	26
25	168.5	61.9	14.7	5.5	21.8	10.5	9.1	15.9	14.9	35.8	30.4	40.8	53	48	47	24	46	28	26	25	5.5	40
25	168.5	61.9	14.7	5.5	21.8	10.5	9.1	15.9	14.9	35.8	30.4	40.8	53	48	47	24	46	28	26	30	7	41
25	168.5	61.9	14.7	5.5	21.8	10.5	9.1	15.9	14.9	35.8	30.4	40.8	53	48	47	24	46	28	26	35	8.25	59
25	168.5	61.9	14.7	5.5	21.8	10.5	9.1	15.9	14.9	35.8	30.4	40.8	53	48	47	24	46	28	26	40	9.5	70
25	168.5	61.9	14.7	5.5	21.8	10.5	9.1	15.9	14.9	35.8	30.4	40.8	53	48	47	24	46	28	26	45	10	81
25	168.5	61.9	14.7	5.5	21.8	10.5	9.1	15.9	14.9	35.8	30.4	40.8	53	48	47	24	46	28	26	50	10.25	89
25	168.5	61.9	14.7	5.5	21.8	10.5	9.1	15.9	14.9	35.8	30.4	40.8	53	48	47	24	46	28	26	55	10.75	84
25	168.5	61.9	14.7	5.5	21.8	10.5	9.1	15.9	14.9	35.8	30.4	40.8	53	48	47	24	46	28	26	60	11.27	95
25	168.5	61.9	14.7	5.5	21.8	10.5	9.1	15.9	14.9	35.8	30.4	40.8	53	48	47	24	46	28	26	0	0	5
25	168.5	61.9	14.7	5.5	21.8	10.5	9.1	15.9	14.9	35.8	30.4	40.8	53	48	47	24	46	28	26	5	1.25	7
25	168.5	61.9	14.7	5.5	21.8	10.5	9.1	15.9	14.9	35.8	30.4	40.8	53	48	47	24	46	28	26	10	2.5	15
25	168.5	61.9	14.7	5.5	21.8	10.5	9.1	15.9	14.9	35.8	30.4	40.8	53	48	47	24	46	28	26	15	3.25	21
25	168.5	61.9	14.7	5.5	21.8	10.5	9.1	15.9	14.9	35.8	30.4	40.8	53	48	47	24	46	28	26	20	4.5	26
25	168.5	61.9	14.7	5.5	21.8	10.5	9.1	15.9	14.9	35.8	30.4	40.8	53	48	47	24	46	28	26	25	5.5	34
25	168.5	61.9	14.7	5.5	21.8	10.5	9.1	15.9	14.9	35.8	30.4	40.8	53	48	47	24	46	28	26	30	7	47
25	168.5	61.9	14.7	5.5	21.8	10.5	9.1	15.9	14.9	35.8	30.4	40.8	53	48	47	24	46	28	26	35	8.25	52
25	168.5	61.9	14.7	5.5	21.8	10.5	9.1	15.9	14.9	35.8	30.4	40.8	53	48	47	24	46	28	26	40	9.5	61
25	168.5	61.9	14.7	5.5	21.8	10.5	9.1	15.9	14.9	35.8	30.4	40.8	53	48	47	24	46	28	26	45	10	85
25	168.5	61.9	14.7	5.5	21.8	10.5	9.1	15.9	14.9	35.8	30.4	40.8	53	48	47	24	46	28	26	50	10.25	94
25	168.5	61.9	14.7	5.5	21.8	10.5	9.1	15.9	14.9	35.8	30.4	40.8	53	48	47	24	46	28	26	55	10.75	89
25	168.5	61.9	14.7	5.5	21.8	10.5	9.1	15.9	14.9	35.8	30.4	40.8	53	48	47	24	46	28	26	60	11.27	87
25	168.5	61.9	14.7	5.5	21.8	10.5	9.1	15.9	14.9	35.8	30.4	40.8	53	48	47	24	46	28	26	0	0	3
25	168.5	61.9	14.7	5.5	21.8	10.5	9.1	15.9	14.9	35.8	30.4	40.8	53	48	47	24	46	28	26	5	1.25	8
25	168.5	61.9	14.7	5.5	21.8	10.5	9.1	15.9	14.9	35.8	30.4	40.8	53	48	47	24	46	28	26	10	2.5	12
25	168.5	61.9	14.7	5.5	21.8	10.5	9.1	15.9	14.9	35.8	30.4	40.8	53	48	47	24	46	28	26	15	3.25	18
25	168.5	61.9	14.7	5.5	21.8	10.5	9.1	15.9	14.9	35.8	30.4	40.8	53	48	47	24	46	28	26	20	4.5	24
25	168.5	61.9	14.7	5.5	21.8	10.5	9.1	15.9	14.9	35.8	30.4	40.8	53	48	47	24	46	28	26	25	5.5	33
25	168.5	61.9	14.7	5.5	21.8	10.5	9.1	15.9	14.9	35.8	30.4	40.8	53	48	47	24	46	28	26	30	7	43
25	168.5	61.9	14.7	5.5	21.8	10.5	9.1	15.9	14.9	35.8	30.4	40.8	53	48	47	24	46	28	26	35	8.25	67
25	168.5	61.9	14.7	5.5	21.8	10.5	9.1	15.9	14.9	35.8	30.4	40.8	53	48	47	24	46	28	26	40	9.5	78
25	168.5	61.9	14.7	5.5	21.8	10.5	9.1	15.9	14.9	35.8	30.4	40.8	53	48	47	24	46	28	26	45	10	78
25	168.5	61.9	14.7	5.5	21.8	10.5	9.1	15.9	14.9	35.8	30.4	40.8	53	48	47	24	46	28	26	50	10.25	84
25	168.5	61.9	14.7	5.5	21.8	10.5	9.1	15.9	14.9	35.8	30.4	40.8	53	48	47	24	46	28	26	55	10.75	85
25	168.5	61.9	14.7	5.5	21.8	10.5	9.1	15.9	14.9	35.8	30.4	40.8	53	48	47	24	46	28	26	60	11.27	88
25	169.5	57.9	10.3	3.5	20.2	7.4	6.2	12.4	10.9	37.7	33.1	42.2	54.8	48	50	20	40	26	26	0	0	17
25	169.5	57.9	10.3	3.5	20.2	7.4	6.2	12.4	10.9	37.7	33.1	42.2	54.8	48	50	20	40	26	26	5	1.5	20
25	169.5	57.9	10.3	3.5	20.2	7.4	6.2	12.4	10.9	37.7	33.1	42.2	54.8	48	50	20	40	26	26	10	2.75	16
25	169.5	57.9	10.3	3.5	20.2	7.4	6.2	12.4	10.9	37.7	33.1	42.2	54.8	48	50	20	40	26	26	15	4	34
25	169.5	57.9	10.3	3.5	20.2	7.4	6.2	12.4	10.9	37.7	33.1	42.2	54.8	48	50	20	40	26	26	20	5.5	32
25	169.5	57.9	10.3	3.5	20.2	7.4	6.2	12.4	10.9	37.7	33.1	42.2	54.8	48	50	20	40	26	26	25	6	61
25	169.5	57.9	10.3	3.5	20.2	7.4	6.2	12.4	10.9	37.7	33.1	42.2	54.8	48	50	20	40	26	26	30	7.5	84
25	169.5	57.9	10.3	3.5	20.2	7.4	6.2	12.4	10.9	37.7	33.1	42.2	54.8	48	50	20	40	26	26	35	8.25	106
25	169.5	57.9	10.3	3.5	20.2	7.4	6.2	12.4	10.9	37.7	33.1	42.2	54.8	48	50	20	40	26	26	40	7.5	117
25	169.5	57.9	10.3	3.5	20.2	7.4	6.2	12.4	10.9	37.7	33.1	42.2	54.8	48	50	20	40	26	26	45	8.25	118
25	169.5	57.9	10.3	3.5	20.2	7.4	6.2	12.4	10.9	37.7	33.1	42.2	54.8	48	50	20	40	26	26	50	8.5	97
25	169.5	57.9	10.3	3.5	20.2	7.4	6.2	12.4	10.9	37.7	33.1	42.2	54.8	48	50	20	40	26	26	55	9.25	67
25	169.5	57.9	10.3	3.5	20.2	7.4	6.2	12.4	10.9	37.7	33.1	42.2	54.8	48	50	20	40	26	26	60	10.5	68
25	169.5	57.9	10.3	3.5	20.2	7.4	6.2	12.4	10.9	37.7	33.1	42.2	54.8	48	50	20	40	26	26	0	0	17
25	169.5	57.9	10.3	3.5	20.2	7.4	6.2	12.4	10.9	37.7	33.1	42.2	54.8	48	50	20	40	26	26	5	1.5	17
25	169.5	57.9	10.3	3.5	20.2	7.4	6.2	12.4	10.9	37.7	33.1	42.2	54.8	48	50	20	40	26	26	10	2.75	31
25	169.5	57.9	10.3	3.5	20.2	7.4	6.2	12.4	10.9	37.7	33.1	42.2	54.8	48	50	20	40	26	26	15	4	36
25	169.5	57.9	10.3	3.5	20.2	7.4	6.2	12.4	10.9	37.7	33.1	42.2	54.8	48	50	20	40	26	26	20	5.5	53
25	169.5	57.9	10.3	3.5	20.2	7.4	6.2	12.4	10.9	37.7	33.1	42.2	54.8	48	50	20	40	26	26	25	6	70
25	169.5	57.9	10.3	3.5	20.2	7.4	6.2	12.4	10.9	37.7	33.1	42.2	54.8	48	50	20	40	26	26	30	7.5	81
25	169.5	57.9	10.3	3.5	20.2	7.4	6.2	12.4	10.9	37.7	33.1	42.2	54.8	48	50	20	40	26	26	35	8.25	89
25	169.5	57.9	10.3	3.5	20.2	7.4	6.2	12.4	10.9	37.7	33.1	42.2	54.8	48	50	20	40	26	26	40	7.5	124
25	169.5	57.9	10.3	3.5	20.2	7.4	6.2	12.4	10.9	37.7	33.1	42.2	54.8	48	50	20	40	26	26	45	8.25	132
25	169.5	57.9	10.3	3.5	20.2	7.4	6.2	12.4	10.9	37.7	33.1	42.2	54.8	48	50	20	40	26	26	50	8.5	118
25	169.5	57.9	10.3	3.5	20.2	7.4	6.2	12.4	10.9	37.7	33.1	42.2	54.8	48	50	20	40	26	26	55	9.25	96
25	169.5	57.9	10.3	3.5	20.2	7.4	6.2	12.4	10.9	37.7	33.1	42.2	54.8	48	50	20	40	26	26	60	10.5	104
25	169.5	57.9	10.3	3.5	20.2	7.4	6.2	12.4	10.9	37.7	33.1	42.2	54.8	48	50	20	40	26	26	0	0	9
25	169.5	57.9	10.3	3.5	20.2	7.4	6.2	12.4	10.9	37.7	33.1	42.2	54.8	48	50	20	40	26	26	5	1.5	16
25	169.5	57.9	10.3	3.5	20.2	7.4	6.2	12.4	10.9	37.7	33.1	42.2	54.8	48	50	20	40	26	26	10	2.75	24
25	169.5	57.9	10.3	3.5	20.2	7.4	6.2	12.4	10.9	37.7	33.1	42.2	54.8	48	50	20	40	26	26	15	4	35
25	169.5	57.9	10.3	3.5	20.2	7.4	6.2	12.4	10.9	37.7	33.1	42.2	54.8	48	50	20	40	26	26	20	5.5	56
25	169.5	57.9	10.3	3.5	20.2	7.4	6.2	12.4	10.9	37.7	33.1	42.2	54.8	48	50	20	40	26	26	25	6	73
25	169.5	57.9	10.3	3.5	20.2	7.4	6.2	12.4	10.9	37.7	33.1	42.2	54.8	48	50	20	40	26	26	30	7.5	79
25	169.5	57.9	10.3	3.5	20.2	7.4	6.2	12.4	10.9	37.7	33.1	42.2	54.8	48	50	20	40	26	26	35	8.25	108
25	169.5	57.9	10.3	3.5	20.2	7.4	6.2	12.4	10.9	37.7	33.1	42.2	54.8	48	50	20	40	26	26	40	7.5	138
25	169.5	57.9	10.3	3.5	20.2	7.4	6.2	12.4	10.9	37.7	33.1	42.2	54.8	48	50	20	40	26	26	45	8.25	127
25	169.5	57.9	10.3	3.5	20.2	7.4	6.2	12.4	10.9	37.7	33.1	42.2	54.8	48	50	20	40	26	26	50	8.5	124
25	169.5	57.9	10.3	3.5	20.2	7.4	6.2	12.4	10.9	37.7	33.1	42.2	54.8	48	50	20	40	26	26	55	9.25	96
25	169.5	57.9	10.3	3.5	20.2	7.4	6.2	12.4	10.9	37.7	33.1	42.2	54.8	48	50	20	40	26	26	60	10.5	108
32	184	101.4	31.6	15	30	22.3	20.5	31	31.5	29.7	21	34.9	47.1	52	48	28	48	30	28	0	0	17
32	184	101.4	31.6	15	30	22.3	20.5	31	31.5	29.7	21	34.9	47.1	52	48	28	48	30	28	5	1	26
32	184	101.4	31.6	15	30	22.3	20.5	31	31.5	29.7	21	34.9	47.1	52	48	28	48	30	28	10	2.75	30
32	184	101.4	31.6	15	30	22.3	20.5	31	31.5	29.7	21	34.9	47.1	52	48	28	48	30	28	15	4.25	39
32	184	101.4	31.6	15	30	22.3	20.5	31	31.5	29.7	21	34.9	47.1	52	48	28	48	30	28	20	5.25	48
32	184	101.4	31.6	15	30	22.3	20.5	31	31.5	29.7	21	34.9	47.1	52	48	28	48	30	28	25	7	57
32	184	101.4	31.6	15	30	22.3	20.5	31	31.5	29.7	21	34.9	47.1	52	48	28	48	30	28	30	8.5	71
32	184	101.4	31.6	15	30	22.3	20.5	31	31.5	29.7	21	34.9	47.1	52	48	28	48	30	28	35	10.25	83
32	184	101.4	31.6	15	30	22.3	20.5	31	31.5	29.7	21	34.9	47.1	52	48	28	48	30	28	40	12.75	104
32	184	101.4	31.6	15	30	22.3	20.5	31	31.5	29.7	21	34.9	47.1	52	48	28	48	30	28	45	14.5	125
32	184	101.4	31.6	15	30	22.3	20.5	31	31.5	29.7	21	34.9	47.1	52	48	28	48	30	28	50	15.5	138
32	184	101.4	31.6	15	30	22.3	20.5	31	31.5	29.7	21	34.9	47.1	52	48	28	48	30	28	55	16.25	155
32	184	101.4	31.6	15	30	22.3	20.5	31	31.5	29.7	21	34.9	47.1	52	48	28	48	30	28	60	17.75	166
32	184	101.4	31.6	15	30	22.3	20.5	31	31.5	29.7	21	34.9	47.1	52	48	28	48	30	28	0	0	16
32	184	101.4	31.6	15	30	22.3	20.5	31	31.5	29.7	21	34.9	47.1	52	48	28	48	30	28	5	1	20
32	184	101.4	31.6	15	30	22.3	20.5	31	31.5	29.7	21	34.9	47.1	52	48	28	48	30	28	10	2.75	26
32	184	101.4	31.6	15	30	22.3	20.5	31	31.5	29.7	21	34.9	47.1	52	48	28	48	30	28	15	4.25	34
32	184	101.4	31.6	15	30	22.3	20.5	31	31.5	29.7	21	34.9	47.1	52	48	28	48	30	28	20	5.25	46
32	184	101.4	31.6	15	30	22.3	20.5	31	31.5	29.7	21	34.9	47.1	52	48	28	48	30	28	25	7	57
32	184	101.4	31.6	15	30	22.3	20.5	31	31.5	29.7	21	34.9	47.1	52	48	28	48	30	28	30	8.5	75
32	184	101.4	31.6	15	30	22.3	20.5	31	31.5	29.7	21	34.9	47.1	52	48	28	48	30	28	35	10.25	93
32	184	101.4	31.6	15	30	22.3	20.5	31	31.5	29.7	21	34.9	47.1	52	48	28	48	30	28	40	12.75	103
32	184	101.4	31.6	15	30	22.3	20.5	31	31.5	29.7	21	34.9	47.1	52	48	28	48	30	28	45	14.5	116
32	184	101.4	31.6	15	30	22.3	20.5	31	31.5	29.7	21	34.9	47.1	52	48	28	48	30	28	50	15.5	127
32	184	101.4	31.6	15	30	22.3	20.5	31	31.5	29.7	21	34.9	47.1	52	48	28	48	30	28	55	16.25	153
32	184	101.4	31.6	15	30	22.3	20.5	31	31.5	29.7	21	34.9	47.1	52	48	28	48	30	28	60	17.75	170
32	184	101.4	31.6	15	30	22.3	20.5	31	31.5	29.7	21	34.9	47.1	52	48	28	48	30	28	0	0	10
32	184	101.4	31.6	15	30	22.3	20.5	31	31.5	29.7	21	34.9	47.1	52	48	28	48	30	28	5	1	16
32	184	101.4	31.6	15	30	22.3	20.5	31	31.5	29.7	21	34.9	47.1	52	48	28	48	30	28	10	2.75	27
32	184	101.4	31.6	15	30	22.3	20.5	31	31.5	29.7	21	34.9	47.1	52	48	28	48	30	28	15	4.25	36
32	184	101.4	31.6	15	30	22.3	20.5	31	31.5	29.7	21	34.9	47.1	52	48	28	48	30	28	20	5.25	42
32	184	101.4	31.6	15	30	22.3	20.5	31	31.5	29.7	21	34.9	47.1	52	48	28	48	30	28	25	7	54
32	184	101.4	31.6	15	30	22.3	20.5	31	31.5	29.7	21	34.9	47.1	52	48	28	48	30	28	30	8.5	67
32	184	101.4	31.6	15	30	22.3	20.5	31	31.5	29.7	21	34.9	47.1	52	48	28	48	30	28	35	10.25	85
32	184	101.4	31.6	15	30	22.3	20.5	31	31.5	29.7	21	34.9	47.1	52	48	28	48	30	28	40	12.75	104
32	184	101.4	31.6	15	30	22.3	20.5	31	31.5	29.7	21	34.9	47.1	52	48	28	48	30	28	45	14.5	114
32	184	101.4	31.6	15	30	22.3	20.5	31	31.5	29.7	21	34.9	47.1	52	48	28	48	30	28	50	15.5	125
32	184	101.4	31.6	15	30	22.3	20.5	31	31.5	29.7	21	34.9	47.1	52	48	28	48	30	28	55	16.25	144
32	184	101.4	31.6	15	30	22.3	20.5	31	31.5	29.7	21	34.9	47.1	52	48	28	48	30	28	60	17.75	162
25	170	77.6	24.4	10.5	26.9	17.3	15.8	24.3	24.1	32.1	24.9	37.1	49.4	46	50	20	42	32	30	0	0	15
25	170	77.6	24.4	10.5	26.9	17.3	15.8	24.3	24.1	32.1	24.9	37.1	49.4	46	50	20	42	32	30	5	1	17
25	170	77.6	24.4	10.5	26.9	17.3	15.8	24.3	24.1	32.1	24.9	37.1	49.4	46	50	20	42	32	30	10	2	24
25	170	77.6	24.4	10.5	26.9	17.3	15.8	24.3	24.1	32.1	24.9	37.1	49.4	46	50	20	42	32	30	15	3	28
25	170	77.6	24.4	10.5	26.9	17.3	15.8	24.3	24.1	32.1	24.9	37.1	49.4	46	50	20	42	32	30	20	4.25	28
25	170	77.6	24.4	10.5	26.9	17.3	15.8	24.3	24.1	32.1	24.9	37.1	49.4	46	50	20	42	32	30	25	6	30
25	170	77.6	24.4	10.5	26.9	17.3	15.8	24.3	24.1	32.1	24.9	37.1	49.4	46	50	20	42	32	30	30	7.25	44
25	170	77.6	24.4	10.5	26.9	17.3	15.8	24.3	24.1	32.1	24.9	37.1	49.4	46	50	20	42	32	30	35	8.25	49
25	170	77.6	24.4	10.5	26.9	17.3	15.8	24.3	24.1	32.1	24.9	37.1	49.4	46	50	20	42	32	30	40	10	55
25	170	77.6	24.4	10.5	26.9	17.3	15.8	24.3	24.1	32.1	24.9	37.1	49.4	46	50	20	42	32	30	45	11	60
25	170	77.6	24.4	10.5	26.9	17.3	15.8	24.3	24.1	32.1	24.9	37.1	49.4	46	50	20	42	32	30	50	11.5	70
25	170	77.6	24.4	10.5	26.9	17.3	15.8	24.3	24.1	32.1	24.9	37.1	49.4	46	50	20	42	32	30	55	13	81
25	170	77.6	24.4	10.5	26.9	17.3	15.8	24.3	24.1	32.1	24.9	37.1	49.4	46	50	20	42	32	30	60	13.5	98
25	170	77.6	24.4	10.5	26.9	17.3	15.8	24.3	24.1	32.1	24.9	37.1	49.4	46	50	20	42	32	30	0	0	12
25	170	77.6	24.4	10.5	26.9	17.3	15.8	24.3	24.1	32.1	24.9	37.1	49.4	46	50	20	42	32	30	5	1	16
25	170	77.6	24.4	10.5	26.9	17.3	15.8	24.3	24.1	32.1	24.9	37.1	49.4	46	50	20	42	32	30	10	2	20
25	170	77.6	24.4	10.5	26.9	17.3	15.8	24.3	24.1	32.1	24.9	37.1	49.4	46	50	20	42	32	30	15	3	22
25	170	77.6	24.4	10.5	26.9	17.3	15.8	24.3	24.1	32.1	24.9	37.1	49.4	46	50	20	42	32	30	20	4.25	35
25	170	77.6	24.4	10.5	26.9	17.3	15.8	24.3	24.1	32.1	24.9	37.1	49.4	46	50	20	42	32	30	25	6	36
25	170	77.6	24.4	10.5	26.9	17.3	15.8	24.3	24.1	32.1	24.9	37.1	49.4	46	50	20	42	32	30	30	7.25	50
25	170	77.6	24.4	10.5	26.9	17.3	15.8	24.3	24.1	32.1	24.9	37.1	49.4	46	50	20	42	32	30	35	8.25	59
25	170	77.6	24.4	10.5	26.9	17.3	15.8	24.3	24.1	32.1	24.9	37.1	49.4	46	50	20	42	32	30	40	10	63
25	170	77.6	24.4	10.5	26.9	17.3	15.8	24.3	24.1	32.1	24.9	37.1	49.4	46	50	20	42	32	30	45	11	63
25	170	77.6	24.4	10.5	26.9	17.3	15.8	24.3	24.1	32.1	24.9	37.1	49.4	46	50	20	42	32	30	50	11.5	79
25	170	77.6	24.4	10.5	26.9	17.3	15.8	24.3	24.1	32.1	24.9	37.1	49.4	46	50	20	42	32	30	55	13	85
25	170	77.6	24.4	10.5	26.9	17.3	15.8	24.3	24.1	32.1	24.9	37.1	49.4	46	50	20	42	32	30	60	13.5	94
25	170	77.6	24.4	10.5	26.9	17.3	15.8	24.3	24.1	32.1	24.9	37.1	49.4	46	50	20	42	32	30	0	0	7
25	170	77.6	24.4	10.5	26.9	17.3	15.8	24.3	24.1	32.1	24.9	37.1	49.4	46	50	20	42	32	30	5	1	13
25	170	77.6	24.4	10.5	26.9	17.3	15.8	24.3	24.1	32.1	24.9	37.1	49.4	46	50	20	42	32	30	10	2	28
25	170	77.6	24.4	10.5	26.9	17.3	15.8	24.3	24.1	32.1	24.9	37.1	49.4	46	50	20	42	32	30	15	3	35
25	170	77.6	24.4	10.5	26.9	17.3	15.8	24.3	24.1	32.1	24.9	37.1	49.4	46	50	20	42	32	30	20	4.25	39
25	170	77.6	24.4	10.5	26.9	17.3	15.8	24.3	24.1	32.1	24.9	37.1	49.4	46	50	20	42	32	30	25	6	44
25	170	77.6	24.4	10.5	26.9	17.3	15.8	24.3	24.1	32.1	24.9	37.1	49.4	46	50	20	42	32	30	30	7.25	48
25	170	77.6	24.4	10.5	26.9	17.3	15.8	24.3	24.1	32.1	24.9	37.1	49.4	46	50	20	42	32	30	35	8.25	49
25	170	77.6	24.4	10.5	26.9	17.3	15.8	24.3	24.1	32.1	24.9	37.1	49.4	46	50	20	42	32	30	40	10	52
25	170	77.6	24.4	10.5	26.9	17.3	15.8	24.3	24.1	32.1	24.9	37.1	49.4	46	50	20	42	32	30	45	11	65
25	170	77.6	24.4	10.5	26.9	17.3	15.8	24.3	24.1	32.1	24.9	37.1	49.4	46	50	20	42	32	30	50	11.5	60
25	170	77.6	24.4	10.5	26.9	17.3	15.8	24.3	24.1	32.1	24.9	37.1	49.4	46	50	20	42	32	30	55	13	90
25	170	77.6	24.4	10.5	26.9	17.3	15.8	24.3	24.1	32.1	24.9	37.1	49.4	46	50	20	42	32	30	60	13.5	101
