#size: 130 23																						
# Age	Height (cm)	Weight (kg)	Total fat	Visceral fat	BMI	SF Body	SF Trunk	SF Arms	SF Legs	SM Body	SM Trunk	SM Arms	SM Legs	Shoulder R	Shoulder L	Rib	Waist	Thigh R	Thigh L	Flexion Angle (deg)	Extension (cm)	Force due to extension (N)
30	178	67.7	17.3	5	21.4	12	10.4	17.7	17	35.4	29.4	40.4	52.5	54	54	20	54	23	26	0	0	0
30	178	67.7	17.3	5	21.4	12	10.4	17.7	17	35.4	29.4	40.4	52.5	54	54	20	54	23	26	5	0.75	4
30	178	67.7	17.3	5	21.4	12	10.4	17.7	17	35.4	29.4	40.4	52.5	54	54	20	54	23	26	10	2.25	12
30	178	67.7	17.3	5	21.4	12	10.4	17.7	17	35.4	29.4	40.4	52.5	54	54	20	54	23	26	15	3.25	16
30	178	67.7	17.3	5	21.4	12	10.4	17.7	17	35.4	29.4	40.4	52.5	54	54	20	54	23	26	20	4	24
30	178	67.7	17.3	5	21.4	12	10.4	17.7	17	35.4	29.4	40.4	52.5	54	54	20	54	23	26	25	5	33
30	178	67.7	17.3	5	21.4	12	10.4	17.7	17	35.4	29.4	40.4	52.5	54	54	20	54	23	26	30	5.75	47
30	178	67.7	17.3	5	21.4	12	10.4	17.7	17	35.4	29.4	40.4	52.5	54	54	20	54	23	26	35	6.5	63
30	178	67.7	17.3	5	21.4	12	10.4	17.7	17	35.4	29.4	40.4	52.5	54	54	20	54	23	26	40	7.25	81
30	178	67.7	17.3	5	21.4	12	10.4	17.7	17	35.4	29.4	40.4	52.5	54	54	20	54	23	26	45	9.25	102
30	178	67.7	17.3	5	21.4	12	10.4	17.7	17	35.4	29.4	40.4	52.5	54	54	20	54	23	26	50	10	120
30	178	67.7	17.3	5	21.4	12	10.4	17.7	17	35.4	29.4	40.4	52.5	54	54	20	54	23	26	55	11.25	144
30	178	67.7	17.3	5	21.4	12	10.4	17.7	17	35.4	29.4	40.4	52.5	54	54	20	54	23	26	60	12.75	168
25	178.5	53.7	10.4	0.5	16.9	7	5.4	12.9	11.4	38.7	33.9	43.9	55.8	54	54	20	54	20	20	0	0	0
25	178.5	53.7	10.4	0.5	16.9	7	5.4	12.9	11.4	38.7	33.9	43.9	55.8	54	54	20	54	20	20	5	2.5	5
25	178.5	53.7	10.4	0.5	16.9	7	5.4	12.9	11.4	38.7	33.9	43.9	55.8	54	54	20	54	20	20	10	3	9
25	178.5	53.7	10.4	0.5	16.9	7	5.4	12.9	11.4	38.7	33.9	43.9	55.8	54	54	20	54	20	20	15	3.75	16
25	178.5	53.7	10.4	0.5	16.9	7	5.4	12.9	11.4	38.7	33.9	43.9	55.8	54	54	20	54	20	20	20	4.25	26
25	178.5	53.7	10.4	0.5	16.9	7	5.4	12.9	11.4	38.7	33.9	43.9	55.8	54	54	20	54	20	20	25	5.5	41
25	178.5	53.7	10.4	0.5	16.9	7	5.4	12.9	11.4	38.7	33.9	43.9	55.8	54	54	20	54	20	20	30	6.5	55
25	178.5	53.7	10.4	0.5	16.9	7	5.4	12.9	11.4	38.7	33.9	43.9	55.8	54	54	20	54	20	20	35	7.75	67
25	178.5	53.7	10.4	0.5	16.9	7	5.4	12.9	11.4	38.7	33.9	43.9	55.8	54	54	20	54	20	20	40	8.5	80
25	178.5	53.7	10.4	0.5	16.9	7	5.4	12.9	11.4	38.7	33.9	43.9	55.8	54	54	20	54	20	20	45	9.5	96
25	178.5	53.7	10.4	0.5	16.9	7	5.4	12.9	11.4	38.7	33.9	43.9	55.8	54	54	20	54	20	20	50	10.5	112
25	178.5	53.7	10.4	0.5	16.9	7	5.4	12.9	11.4	38.7	33.9	43.9	55.8	54	54	20	54	20	20	55	11.5	123
25	178.5	53.7	10.4	0.5	16.9	7	5.4	12.9	11.4	38.7	33.9	43.9	55.8	54	54	20	54	20	20	60	12	133
25	180	63.8	12.5	3	20	8	7.3	14.1	12.9	37.9	32.6	42.4	55	56	54	20	50	24	24	0	0	0
25	180	63.8	12.5	3	20	8	7.3	14.1	12.9	37.9	32.6	42.4	55	56	54	20	50	24	24	5	1	4
25	180	63.8	12.5	3	20	8	7.3	14.1	12.9	37.9	32.6	42.4	55	56	54	20	50	24	24	10	1.75	11
25	180	63.8	12.5	3	20	8	7.3	14.1	12.9	37.9	32.6	42.4	55	56	54	20	50	24	24	15	2.75	17
25	180	63.8	12.5	3	20	8	7.3	14.1	12.9	37.9	32.6	42.4	55	56	54	20	50	24	24	20	4	23
25	180	63.8	12.5	3	20	8	7.3	14.1	12.9	37.9	32.6	42.4	55	56	54	20	50	24	24	25	5	29
25	180	63.8	12.5	3	20	8	7.3	14.1	12.9	37.9	32.6	42.4	55	56	54	20	50	24	24	30	6.25	40
25	180	63.8	12.5	3	20	8	7.3	14.1	12.9	37.9	32.6	42.4	55	56	54	20	50	24	24	35	7.25	55
25	180	63.8	12.5	3	20	8	7.3	14.1	12.9	37.9	32.6	42.4	55	56	54	20	50	24	24	40	9	70
25	180	63.8	12.5	3	20	8	7.3	14.1	12.9	37.9	32.6	42.4	55	56	54	20	50	24	24	45	10.25	90
25	180	63.8	12.5	3	20	8	7.3	14.1	12.9	37.9	32.6	42.4	55	56	54	20	50	24	24	50	11.5	109
25	180	63.8	12.5	3	20	8	7.3	14.1	12.9	37.9	32.6	42.4	55	56	54	20	50	24	24	55	12.5	132
25	180	63.8	12.5	3	20	8	7.3	14.1	12.9	37.9	32.6	42.4	55	56	54	20	50	24	24	60	13.47	156
25	168	61.9	17.3	5.5	21.9	12.1	10.6	18.3	17.5	34.8	29	40.2	52	59	57	25	50	28	30	0	0	0
25	168	61.9	17.3	5.5	21.9	12.1	10.6	18.3	17.5	34.8	29	40.2	52	59	57	25	50	28	30	5	1.5	4.466666667
25	168	61.9	17.3	5.5	21.9	12.1	10.6	18.3	17.5	34.8	29	40.2	52	59	57	25	50	28	30	10	2.5	9.966666667
25	168	61.9	17.3	5.5	21.9	12.1	10.6	18.3	17.5	34.8	29	40.2	52	59	57	25	50	28	30	15	3.5	15.93333333
25	168	61.9	17.3	5.5	21.9	12.1	10.6	18.3	17.5	34.8	29	40.2	52	59	57	25	50	28	30	20	4.5	24.36666667
25	168	61.9	17.3	5.5	21.9	12.1	10.6	18.3	17.5	34.8	29	40.2	52	59	57	25	50	28	30	25	5.5	32.36666667
25	168	61.9	17.3	5.5	21.9	12.1	10.6	18.3	17.5	34.8	29	40.2	52	59	57	25	50	28	30	30	6.5	40.6
25	168	61.9	17.3	5.5	21.9	12.1	10.6	18.3	17.5	34.8	29	40.2	52	59	57	25	50	28	30	35	7.7	53.7
25	168	61.9	17.3	5.5	21.9	12.1	10.6	18.3	17.5	34.8	29	40.2	52	59	57	25	50	28	30	40	8.9	64.86666667
25	168	61.9	17.3	5.5	21.9	12.1	10.6	18.3	17.5	34.8	29	40.2	52	59	57	25	50	28	30	45	9.8	77.2
25	168	61.9	17.3	5.5	21.9	12.1	10.6	18.3	17.5	34.8	29	40.2	52	59	57	25	50	28	30	50	11	86.86666667
25	168	61.9	17.3	5.5	21.9	12.1	10.6	18.3	17.5	34.8	29	40.2	52	59	57	25	50	28	30	55	12	99.86666667
25	168	61.9	17.3	5.5	21.9	12.1	10.6	18.3	17.5	34.8	29	40.2	52	59	57	25	50	28	30	60	12.8	113.5333333
29	175	63.5	17.1	4.5	20.7	11.8	10.1	17.8	17	35.3	29.4	41	52.2	56	56	30	52	24	28	0	0	0
29	175	63.5	17.1	4.5	20.7	11.8	10.1	17.8	17	35.3	29.4	41	52.2	56	56	30	52	24	28	5	1.25	5.333333333
29	175	63.5	17.1	4.5	20.7	11.8	10.1	17.8	17	35.3	29.4	41	52.2	56	56	30	52	24	28	10	4.5	13
29	175	63.5	17.1	4.5	20.7	11.8	10.1	17.8	17	35.3	29.4	41	52.2	56	56	30	52	24	28	15	6	21
29	175	63.5	17.1	4.5	20.7	11.8	10.1	17.8	17	35.3	29.4	41	52.2	56	56	30	52	24	28	20	7.25	31
29	175	63.5	17.1	4.5	20.7	11.8	10.1	17.8	17	35.3	29.4	41	52.2	56	56	30	52	24	28	25	8.25	43.33333333
29	175	63.5	17.1	4.5	20.7	11.8	10.1	17.8	17	35.3	29.4	41	52.2	56	56	30	52	24	28	30	9	55.66666667
29	175	63.5	17.1	4.5	20.7	11.8	10.1	17.8	17	35.3	29.4	41	52.2	56	56	30	52	24	28	35	10	65.66666667
29	175	63.5	17.1	4.5	20.7	11.8	10.1	17.8	17	35.3	29.4	41	52.2	56	56	30	52	24	28	40	11	79
29	175	63.5	17.1	4.5	20.7	11.8	10.1	17.8	17	35.3	29.4	41	52.2	56	56	30	52	24	28	45	12	102.6666667
29	175	63.5	17.1	4.5	20.7	11.8	10.1	17.8	17	35.3	29.4	41	52.2	56	56	30	52	24	28	50	13	120.6666667
29	175	63.5	17.1	4.5	20.7	11.8	10.1	17.8	17	35.3	29.4	41	52.2	56	56	30	52	24	28	55	13.75	139.6666667
29	175	63.5	17.1	4.5	20.7	11.8	10.1	17.8	17	35.3	29.4	41	52.2	56	56	30	52	24	28	60	14.75	156
28	174	71.3	24.6	7.5	23.6	16.9	15	24.8	24.6	32.3	25	38.4	49.6	54	56	16	52	28	26	0	0	0
28	174	71.3	24.6	7.5	23.6	16.9	15	24.8	24.6	32.3	25	38.4	49.6	54	56	16	52	28	26	5	1.25	6
28	174	71.3	24.6	7.5	23.6	16.9	15	24.8	24.6	32.3	25	38.4	49.6	54	56	16	52	28	26	10	2.75	11.66666667
28	174	71.3	24.6	7.5	23.6	16.9	15	24.8	24.6	32.3	25	38.4	49.6	54	56	16	52	28	26	15	4.25	26.66666667
28	174	71.3	24.6	7.5	23.6	16.9	15	24.8	24.6	32.3	25	38.4	49.6	54	56	16	52	28	26	20	5.5	35.66666667
28	174	71.3	24.6	7.5	23.6	16.9	15	24.8	24.6	32.3	25	38.4	49.6	54	56	16	52	28	26	25	6.5	46.66666667
28	174	71.3	24.6	7.5	23.6	16.9	15	24.8	24.6	32.3	25	38.4	49.6	54	56	16	52	28	26	30	8	61.66666667
28	174	71.3	24.6	7.5	23.6	16.9	15	24.8	24.6	32.3	25	38.4	49.6	54	56	16	52	28	26	35	9	72.33333333
28	174	71.3	24.6	7.5	23.6	16.9	15	24.8	24.6	32.3	25	38.4	49.6	54	56	16	52	28	26	40	9.75	83.33333333
28	174	71.3	24.6	7.5	23.6	16.9	15	24.8	24.6	32.3	25	38.4	49.6	54	56	16	52	28	26	45	11	109.3333333
28	174	71.3	24.6	7.5	23.6	16.9	15	24.8	24.6	32.3	25	38.4	49.6	54	56	16	52	28	26	50	11.5	119.3333333
28	174	71.3	24.6	7.5	23.6	16.9	15	24.8	24.6	32.3	25	38.4	49.6	54	56	16	52	28	26	55	13	137.6666667
28	174	71.3	24.6	7.5	23.6	16.9	15	24.8	24.6	32.3	25	38.4	49.6	54	56	16	52	28	26	60	14.25	161
53	168	67.6	26.7	10	24	18.3	16.3	24.6	24.8	29.2	22.1	36	46.6	50	50	22	48	22	26	0	0	0
53	168	67.6	26.7	10	24	18.3	16.3	24.6	24.8	29.2	22.1	36	46.6	50	50	22	48	22	26	5	1	5.333333333
53	168	67.6	26.7	10	24	18.3	16.3	24.6	24.8	29.2	22.1	36	46.6	50	50	22	48	22	26	10	2.25	15.33333333
53	168	67.6	26.7	10	24	18.3	16.3	24.6	24.8	29.2	22.1	36	46.6	50	50	22	48	22	26	15	3.75	23
53	168	67.6	26.7	10	24	18.3	16.3	24.6	24.8	29.2	22.1	36	46.6	50	50	22	48	22	26	20	4.75	29.33333333
53	168	67.6	26.7	10	24	18.3	16.3	24.6	24.8	29.2	22.1	36	46.6	50	50	22	48	22	26	25	5.5	40
53	168	67.6	26.7	10	24	18.3	16.3	24.6	24.8	29.2	22.1	36	46.6	50	50	22	48	22	26	30	6.75	54
53	168	67.6	26.7	10	24	18.3	16.3	24.6	24.8	29.2	22.1	36	46.6	50	50	22	48	22	26	35	8.5	61
53	168	67.6	26.7	10	24	18.3	16.3	24.6	24.8	29.2	22.1	36	46.6	50	50	22	48	22	26	40	9.5	77.33333333
53	168	67.6	26.7	10	24	18.3	16.3	24.6	24.8	29.2	22.1	36	46.6	50	50	22	48	22	26	45	10.25	80.66666667
53	168	67.6	26.7	10	24	18.3	16.3	24.6	24.8	29.2	22.1	36	46.6	50	50	22	48	22	26	50	11.75	104.3333333
53	168	67.6	26.7	10	24	18.3	16.3	24.6	24.8	29.2	22.1	36	46.6	50	50	22	48	22	26	55	12.25	110.6666667
53	168	67.6	26.7	10	24	18.3	16.3	24.6	24.8	29.2	22.1	36	46.6	50	50	22	48	22	26	60	13.5	124.3333333
25	160	48.6	19.8	3	19	13.2	11.2	20.3	19.7	33.8	27.4	40.6	51	52	48	20	48	30	24	0	0	0
25	160	48.6	19.8	3	19	13.2	11.2	20.3	19.7	33.8	27.4	40.6	51	52	48	20	48	30	24	5	1.25	8.333333333
25	160	48.6	19.8	3	19	13.2	11.2	20.3	19.7	33.8	27.4	40.6	51	52	48	20	48	30	24	10	2	14.66666667
25	160	48.6	19.8	3	19	13.2	11.2	20.3	19.7	33.8	27.4	40.6	51	52	48	20	48	30	24	15	2.75	26
25	160	48.6	19.8	3	19	13.2	11.2	20.3	19.7	33.8	27.4	40.6	51	52	48	20	48	30	24	20	3.5	36.66666667
25	160	48.6	19.8	3	19	13.2	11.2	20.3	19.7	33.8	27.4	40.6	51	52	48	20	48	30	24	25	4.5	45.33333333
25	160	48.6	19.8	3	19	13.2	11.2	20.3	19.7	33.8	27.4	40.6	51	52	48	20	48	30	24	30	5.25	59.33333333
25	160	48.6	19.8	3	19	13.2	11.2	20.3	19.7	33.8	27.4	40.6	51	52	48	20	48	30	24	35	9.25	79
25	160	48.6	19.8	3	19	13.2	11.2	20.3	19.7	33.8	27.4	40.6	51	52	48	20	48	30	24	40	10	90.33333333
25	160	48.6	19.8	3	19	13.2	11.2	20.3	19.7	33.8	27.4	40.6	51	52	48	20	48	30	24	45	10.75	113.3333333
25	160	48.6	19.8	3	19	13.2	11.2	20.3	19.7	33.8	27.4	40.6	51	52	48	20	48	30	24	50	11	131
25	160	48.6	19.8	3	19	13.2	11.2	20.3	19.7	33.8	27.4	40.6	51	52	48	20	48	30	24	55	11.5	131
25	160	48.6	19.8	3	19	13.2	11.2	20.3	19.7	33.8	27.4	40.6	51	52	48	20	48	30	24	60	12.75	154.3333333
26	180	80.9	23.3	8.5	25	16.3	14.7	23.1	22.9	33.3	26.1	38.2	50.6	50	52	22	52	26	28	0	0	0
26	180	80.9	23.3	8.5	25	16.3	14.7	23.1	22.9	33.3	26.1	38.2	50.6	50	52	22	52	26	28	5	1	3.666666667
26	180	80.9	23.3	8.5	25	16.3	14.7	23.1	22.9	33.3	26.1	38.2	50.6	50	52	22	52	26	28	10	2.75	10.66666667
26	180	80.9	23.3	8.5	25	16.3	14.7	23.1	22.9	33.3	26.1	38.2	50.6	50	52	22	52	26	28	15	4	20.66666667
26	180	80.9	23.3	8.5	25	16.3	14.7	23.1	22.9	33.3	26.1	38.2	50.6	50	52	22	52	26	28	20	5.5	34
26	180	80.9	23.3	8.5	25	16.3	14.7	23.1	22.9	33.3	26.1	38.2	50.6	50	52	22	52	26	28	25	7	46.33333333
26	180	80.9	23.3	8.5	25	16.3	14.7	23.1	22.9	33.3	26.1	38.2	50.6	50	52	22	52	26	28	30	9	56
26	180	80.9	23.3	8.5	25	16.3	14.7	23.1	22.9	33.3	26.1	38.2	50.6	50	52	22	52	26	28	35	10.25	67
26	180	80.9	23.3	8.5	25	16.3	14.7	23.1	22.9	33.3	26.1	38.2	50.6	50	52	22	52	26	28	40	11.5	81.66666667
26	180	80.9	23.3	8.5	25	16.3	14.7	23.1	22.9	33.3	26.1	38.2	50.6	50	52	22	52	26	28	45	13.25	92
26	180	80.9	23.3	8.5	25	16.3	14.7	23.1	22.9	33.3	26.1	38.2	50.6	50	52	22	52	26	28	50	15	114
26	180	80.9	23.3	8.5	25	16.3	14.7	23.1	22.9	33.3	26.1	38.2	50.6	50	52	22	52	26	28	55	15.75	125.3333333
26	180	80.9	23.3	8.5	25	16.3	14.7	23.1	22.9	33.3	26.1	38.2	50.6	50	52	22	52	26	28	60	16.5	149.3333333
25	177	65.9	14	4.5	21	9.9	8.5	15.2	14.1	37	31.5	41.4	54.1	50	52	22	52	26	30	0	0	0
25	177	65.9	14	4.5	21	9.9	8.5	15.2	14.1	37	31.5	41.4	54.1	50	52	22	52	26	30	5	0.75	4.666666667
25	177	65.9	14	4.5	21	9.9	8.5	15.2	14.1	37	31.5	41.4	54.1	50	52	22	52	26	30	10	1.5	6.333333333
25	177	65.9	14	4.5	21	9.9	8.5	15.2	14.1	37	31.5	41.4	54.1	50	52	22	52	26	30	15	2.5	9
25	177	65.9	14	4.5	21	9.9	8.5	15.2	14.1	37	31.5	41.4	54.1	50	52	22	52	26	30	20	3.4	12.33333333
25	177	65.9	14	4.5	21	9.9	8.5	15.2	14.1	37	31.5	41.4	54.1	50	52	22	52	26	30	25	5.25	19.33333333
25	177	65.9	14	4.5	21	9.9	8.5	15.2	14.1	37	31.5	41.4	54.1	50	52	22	52	26	30	30	6.25	26.33333333
25	177	65.9	14	4.5	21	9.9	8.5	15.2	14.1	37	31.5	41.4	54.1	50	52	22	52	26	30	35	7.75	32
25	177	65.9	14	4.5	21	9.9	8.5	15.2	14.1	37	31.5	41.4	54.1	50	52	22	52	26	30	40	8.25	41
25	177	65.9	14	4.5	21	9.9	8.5	15.2	14.1	37	31.5	41.4	54.1	50	52	22	52	26	30	45	9.25	52.33333333
25	177	65.9	14	4.5	21	9.9	8.5	15.2	14.1	37	31.5	41.4	54.1	50	52	22	52	26	30	50	10.75	60.33333333
25	177	65.9	14	4.5	21	9.9	8.5	15.2	14.1	37	31.5	41.4	54.1	50	52	22	52	26	30	55	12	74.33333333
25	177	65.9	14	4.5	21	9.9	8.5	15.2	14.1	37	31.5	41.4	54.1	50	52	22	52	26	30	60	13.25	87.33333333
