5.359590053558349609e-01 4.875000119209289551e-01
5.828684568405151367e-01 5.500000119209289551e-01
6.269204616546630859e-01 6.125000119209289551e-01
6.680127382278442383e-01 6.499999761581420898e-01
5.208861827850341797e-02 0.000000000000000000e+00
1.092239022254943848e-01 6.250000000000000000e-02
1.670384407043457031e-01 1.250000000000000000e-01
2.250459194183349609e-01 1.624999940395355225e-01
2.827345132827758789e-01 2.249999940395355225e-01
3.395894169807434082e-01 2.750000059604644775e-01
3.951138257980346680e-01 3.499999940395355225e-01
4.488496780395507812e-01 4.124999940395355225e-01
5.003979206085205078e-01 4.749999940395355225e-01
5.494297742843627930e-01 5.000000000000000000e-01
5.956969261169433594e-01 5.124999880790710449e-01
6.390315294265747070e-01 5.375000238418579102e-01
6.793432235717773438e-01 5.634999871253967285e-01
5.208861827850341797e-02 0.000000000000000000e+00
1.092239022254943848e-01 6.250000000000000000e-02
1.670384407043457031e-01 1.250000000000000000e-01
2.250459194183349609e-01 1.624999940395355225e-01
2.827345132827758789e-01 2.249999940395355225e-01
3.395894169807434082e-01 2.750000059604644775e-01
3.951138257980346680e-01 3.499999940395355225e-01
4.488496780395507812e-01 4.124999940395355225e-01
5.003979206085205078e-01 4.749999940395355225e-01
5.494297742843627930e-01 5.000000000000000000e-01
5.956969261169433594e-01 5.124999880790710449e-01
6.390315294265747070e-01 5.375000238418579102e-01
6.793432235717773438e-01 5.634999871253967285e-01
5.208861827850341797e-02 0.000000000000000000e+00
1.092239022254943848e-01 6.250000000000000000e-02
1.670384407043457031e-01 1.250000000000000000e-01
2.250459194183349609e-01 1.624999940395355225e-01
2.827345132827758789e-01 2.249999940395355225e-01
3.395894169807434082e-01 2.750000059604644775e-01
3.951138257980346680e-01 3.499999940395355225e-01
4.488496780395507812e-01 4.124999940395355225e-01
5.003979206085205078e-01 4.749999940395355225e-01
5.494297742843627930e-01 5.000000000000000000e-01
5.956969261169433594e-01 5.124999880790710449e-01
6.390315294265747070e-01 5.375000238418579102e-01
6.793432235717773438e-01 5.634999871253967285e-01
7.695555686950683594e-04 0.000000000000000000e+00
5.904239416122436523e-02 7.500000298023223877e-02
1.180891990661621094e-01 1.375000029802322388e-01
1.773939728736877441e-01 2.000000029802322388e-01
2.364164590835571289e-01 2.750000059604644775e-01
2.946150302886962891e-01 3.000000119209289551e-01
3.514699339866638184e-01 3.750000000000000000e-01
4.065066576004028320e-01 4.124999940395355225e-01
4.593133926391601562e-01 3.750000000000000000e-01
5.095548629760742188e-01 4.124999940395355225e-01
5.569789409637451172e-01 4.250000119209289551e-01
6.014164686203002930e-01 4.625000059604644775e-01
6.427780389785766602e-01 5.249999761581420898e-01
7.695555686950683594e-04 0.000000000000000000e+00
5.904239416122436523e-02 7.500000298023223877e-02
1.180891990661621094e-01 1.375000029802322388e-01
1.773939728736877441e-01 2.000000029802322388e-01
2.364164590835571289e-01 2.750000059604644775e-01
2.946150302886962891e-01 3.000000119209289551e-01
3.514699339866638184e-01 3.750000000000000000e-01
4.065066576004028320e-01 4.124999940395355225e-01
4.593133926391601562e-01 3.750000000000000000e-01
5.095548629760742188e-01 4.124999940395355225e-01
5.569789409637451172e-01 4.250000119209289551e-01
6.014164686203002930e-01 4.625000059604644775e-01
6.427780389785766602e-01 5.249999761581420898e-01
7.695555686950683594e-04 0.000000000000000000e+00
5.904239416122436523e-02 7.500000298023223877e-02
1.180891990661621094e-01 1.375000029802322388e-01
1.773939728736877441e-01 2.000000029802322388e-01
2.364164590835571289e-01 2.750000059604644775e-01
2.946150302886962891e-01 3.000000119209289551e-01
3.514699339866638184e-01 3.750000000000000000e-01
4.065066576004028320e-01 4.124999940395355225e-01
4.593133926391601562e-01 3.750000000000000000e-01
5.095548629760742188e-01 4.124999940395355225e-01
5.569789409637451172e-01 4.250000119209289551e-01
6.014164686203002930e-01 4.625000059604644775e-01
6.427780389785766602e-01 5.249999761581420898e-01
9.451663494110107422e-02 0.000000000000000000e+00
1.547983884811401367e-01 5.000000074505805969e-02
2.150214910507202148e-01 1.375000029802322388e-01
2.746500372886657715e-01 2.125000059604644775e-01
3.331652283668518066e-01 2.624999880790710449e-01
3.900871276855468750e-01 3.499999940395355225e-01
4.449959993362426758e-01 4.250000119209289551e-01
4.975457191467285156e-01 5.124999880790710449e-01
5.474720001220703125e-01 6.374999880790710449e-01
5.945956707000732422e-01 7.250000238418579102e-01
6.388163566589355469e-01 7.749999761581420898e-01
6.801053285598754883e-01 8.125000000000000000e-01
7.184940576553344727e-01 8.874999880790710449e-01
9.451663494110107422e-02 0.000000000000000000e+00
1.547983884811401367e-01 5.000000074505805969e-02
2.150214910507202148e-01 1.375000029802322388e-01
2.746500372886657715e-01 2.125000059604644775e-01
3.331652283668518066e-01 2.624999880790710449e-01
3.900871276855468750e-01 3.499999940395355225e-01
4.449959993362426758e-01 4.250000119209289551e-01
4.975457191467285156e-01 5.124999880790710449e-01
5.474720001220703125e-01 6.374999880790710449e-01
5.945956707000732422e-01 7.250000238418579102e-01
6.388163566589355469e-01 7.749999761581420898e-01
6.801053285598754883e-01 8.125000000000000000e-01
7.184940576553344727e-01 8.874999880790710449e-01
9.451663494110107422e-02 0.000000000000000000e+00
1.547983884811401367e-01 5.000000074505805969e-02
2.150214910507202148e-01 1.375000029802322388e-01
2.746500372886657715e-01 2.125000059604644775e-01
3.331652283668518066e-01 2.624999880790710449e-01
3.900871276855468750e-01 3.499999940395355225e-01
4.449959993362426758e-01 4.250000119209289551e-01
4.975457191467285156e-01 5.124999880790710449e-01
5.474720001220703125e-01 6.374999880790710449e-01
5.945956707000732422e-01 7.250000238418579102e-01
6.388163566589355469e-01 7.749999761581420898e-01
6.801053285598754883e-01 8.125000000000000000e-01
7.184940576553344727e-01 8.874999880790710449e-01
6.171232461929321289e-02 0.000000000000000000e+00
1.178064942359924316e-01 5.000000074505805969e-02
1.743046045303344727e-01 1.000000014901161194e-01
2.307744026184082031e-01 1.500000059604644775e-01
2.867686152458190918e-01 2.125000059604644775e-01
3.418434858322143555e-01 3.000000119209289551e-01
3.955742120742797852e-01 3.625000119209289551e-01
4.475737810134887695e-01 4.124999940395355225e-01
4.975050687789916992e-01 5.000000000000000000e-01
5.450924634933471680e-01 5.500000119209289551e-01
5.901275873184204102e-01 5.749999880790710449e-01
6.324701309204101562e-01 6.499999761581420898e-01
6.720442771911621094e-01 6.750000119209289551e-01
6.171232461929321289e-02 0.000000000000000000e+00
1.178064942359924316e-01 5.000000074505805969e-02
1.743046045303344727e-01 1.000000014901161194e-01
2.307744026184082031e-01 1.500000059604644775e-01
2.867686152458190918e-01 2.125000059604644775e-01
3.418434858322143555e-01 3.000000119209289551e-01
3.955742120742797852e-01 3.625000119209289551e-01
4.475737810134887695e-01 4.124999940395355225e-01
4.975050687789916992e-01 5.000000000000000000e-01
5.450924634933471680e-01 5.500000119209289551e-01
5.901275873184204102e-01 5.749999880790710449e-01
6.324701309204101562e-01 6.499999761581420898e-01
6.720442771911621094e-01 6.750000119209289551e-01
6.171232461929321289e-02 0.000000000000000000e+00
1.178064942359924316e-01 5.000000074505805969e-02
1.743046045303344727e-01 1.000000014901161194e-01
2.307744026184082031e-01 1.500000059604644775e-01
2.867686152458190918e-01 2.125000059604644775e-01
3.418434858322143555e-01 3.000000119209289551e-01
3.955742120742797852e-01 3.625000119209289551e-01
4.475737810134887695e-01 4.124999940395355225e-01
4.975050687789916992e-01 5.000000000000000000e-01
5.450924634933471680e-01 5.500000119209289551e-01
5.901275873184204102e-01 5.749999880790710449e-01
6.324701309204101562e-01 6.499999761581420898e-01
6.720442771911621094e-01 6.750000119209289551e-01
