4.863976538181304932e-01 3.199999928474426270e-01
5.458684563636779785e-01 3.799999952316284180e-01
6.040555834770202637e-01 4.499999880790710449e-01
6.601336598396301270e-01 6.000000238418579102e-01
1.509329676628112793e-02 1.999999955296516418e-02
5.524709820747375488e-02 5.000000074505805969e-02
9.918352961540222168e-02 7.000000029802322388e-02
1.467066407203674316e-01 1.099999994039535522e-01
1.975408494472503662e-01 1.299999952316284180e-01
2.513062655925750732e-01 2.000000029802322388e-01
3.074983954429626465e-01 2.049999982118606567e-01
3.654799461364746094e-01 2.949999868869781494e-01
4.244912266731262207e-01 3.499999940395355225e-01
4.836789667606353760e-01 4.050000011920928955e-01
5.421457290649414062e-01 4.449999928474426270e-01
5.990076065063476562e-01 4.199999868869781494e-01
6.534552574157714844e-01 4.749999940395355225e-01
1.509329676628112793e-02 2.500000037252902985e-02
5.524709820747375488e-02 3.500000014901161194e-02
9.918352961540222168e-02 7.500000298023223877e-02
1.467066407203674316e-01 1.049999967217445374e-01
1.975408494472503662e-01 1.299999952316284180e-01
2.513062655925750732e-01 1.700000017881393433e-01
3.074983954429626465e-01 2.349999994039535522e-01
3.654799461364746094e-01 2.599999904632568359e-01
4.244912266731262207e-01 3.050000071525573730e-01
4.836789667606353760e-01 4.250000119209289551e-01
5.421457290649414062e-01 4.699999988079071045e-01
5.990076065063476562e-01 4.449999928474426270e-01
6.534552574157714844e-01 4.350000023841857910e-01
1.509329676628112793e-02 1.499999966472387314e-02
5.524709820747375488e-02 3.999999910593032837e-02
9.918352961540222168e-02 5.999999865889549255e-02
1.467066407203674316e-01 9.000000357627868652e-02
1.975408494472503662e-01 1.199999973177909851e-01
2.513062655925750732e-01 1.650000065565109253e-01
3.074983954429626465e-01 2.150000035762786865e-01
3.654799461364746094e-01 3.350000083446502686e-01
4.244912266731262207e-01 3.899999856948852539e-01
4.836789667606353760e-01 3.899999856948852539e-01
5.421457290649414062e-01 4.199999868869781494e-01
5.990076065063476562e-01 4.250000119209289551e-01
6.534552574157714844e-01 4.399999976158142090e-01
1.220449805259704590e-02 8.500000089406967163e-02
4.811573028564453125e-02 1.000000014901161194e-01
8.775410056114196777e-02 7.999999821186065674e-02
1.309701800346374512e-01 1.700000017881393433e-01
1.775443851947784424e-01 1.599999964237213135e-01
2.271610498428344727e-01 3.050000071525573730e-01
2.793855071067810059e-01 4.199999868869781494e-01
3.336518406867980957e-01 5.299999713897705078e-01
3.892678618431091309e-01 5.849999785423278809e-01
4.454378783702850342e-01 5.899999737739562988e-01
5.013061761856079102e-01 4.850000143051147461e-01
5.560116767883300781e-01 3.350000083446502686e-01
6.087476611137390137e-01 3.400000035762786865e-01
1.220449805259704590e-02 8.500000089406967163e-02
4.811573028564453125e-02 8.500000089406967163e-02
8.775410056114196777e-02 1.550000011920928955e-01
1.309701800346374512e-01 1.800000071525573730e-01
1.775443851947784424e-01 2.649999856948852539e-01
2.271610498428344727e-01 3.499999940395355225e-01
2.793855071067810059e-01 4.050000011920928955e-01
3.336518406867980957e-01 4.449999928474426270e-01
3.892678618431091309e-01 6.200000047683715820e-01
4.454378783702850342e-01 6.600000262260437012e-01
5.013061761856079102e-01 5.899999737739562988e-01
5.560116767883300781e-01 4.799999892711639404e-01
6.087476611137390137e-01 5.199999809265136719e-01
1.220449805259704590e-02 4.500000178813934326e-02
4.811573028564453125e-02 7.999999821186065674e-02
8.775410056114196777e-02 1.199999973177909851e-01
1.309701800346374512e-01 1.749999970197677612e-01
1.775443851947784424e-01 2.800000011920928955e-01
2.271610498428344727e-01 3.650000095367431641e-01
2.793855071067810059e-01 3.950000107288360596e-01
3.336518406867980957e-01 5.400000214576721191e-01
3.892678618431091309e-01 6.899999976158142090e-01
4.454378783702850342e-01 6.349999904632568359e-01
5.013061761856079102e-01 6.200000047683715820e-01
5.560116767883300781e-01 4.799999892711639404e-01
6.087476611137390137e-01 5.400000214576721191e-01
3.272479772567749023e-02 8.500000089406967163e-02
7.802343368530273438e-02 1.299999952316284180e-01
1.267022192478179932e-01 1.500000059604644775e-01
1.784985065460205078e-01 1.949999928474426270e-01
2.331133633852005005e-01 2.399999946355819702e-01
2.901971936225891113e-01 2.849999964237213135e-01
3.493362963199615479e-01 3.549999892711639404e-01
4.100401103496551514e-01 4.149999916553497314e-01
4.717360436916351318e-01 5.199999809265136719e-01
5.337741374969482422e-01 6.250000000000000000e-01
5.954426527023315430e-01 6.899999976158142090e-01
6.559973359107971191e-01 7.749999761581420898e-01
7.146981358528137207e-01 8.299999833106994629e-01
3.272479772567749023e-02 7.999999821186065674e-02
7.802343368530273438e-02 1.000000014901161194e-01
1.267022192478179932e-01 1.299999952316284180e-01
1.784985065460205078e-01 1.700000017881393433e-01
2.331133633852005005e-01 2.300000041723251343e-01
2.901971936225891113e-01 2.849999964237213135e-01
3.493362963199615479e-01 3.750000000000000000e-01
4.100401103496551514e-01 4.650000035762786865e-01
4.717360436916351318e-01 5.149999856948852539e-01
5.337741374969482422e-01 5.799999833106994629e-01
5.954426527023315430e-01 6.349999904632568359e-01
6.559973359107971191e-01 7.649999856948852539e-01
7.146981358528137207e-01 8.500000238418579102e-01
3.272479772567749023e-02 5.000000074505805969e-02
7.802343368530273438e-02 7.999999821186065674e-02
1.267022192478179932e-01 1.350000053644180298e-01
1.784985065460205078e-01 1.800000071525573730e-01
2.331133633852005005e-01 2.099999934434890747e-01
2.901971936225891113e-01 2.700000107288360596e-01
3.493362963199615479e-01 3.350000083446502686e-01
4.100401103496551514e-01 4.250000119209289551e-01
4.717360436916351318e-01 5.199999809265136719e-01
5.337741374969482422e-01 5.699999928474426270e-01
5.954426527023315430e-01 6.250000000000000000e-01
6.559973359107971191e-01 7.200000286102294922e-01
7.146981358528137207e-01 8.100000023841857910e-01
3.893762826919555664e-03 7.500000298023223877e-02
4.410302639007568359e-02 8.500000089406967163e-02
8.792948722839355469e-02 1.199999973177909851e-01
1.352426409721374512e-01 1.400000005960464478e-01
1.858627498149871826e-01 1.400000005960464478e-01
2.395307868719100952e-01 1.500000059604644775e-01
2.958819866180419922e-01 2.199999988079071045e-01
3.544235527515411377e-01 2.450000047683715820e-01
4.145272374153137207e-01 2.750000059604644775e-01
4.754393994808197021e-01 3.000000119209289551e-01
5.363126993179321289e-01 3.499999940395355225e-01
5.962551832199096680e-01 4.050000011920928955e-01
6.543896198272705078e-01 4.900000095367431641e-01
3.893762826919555664e-03 5.999999865889549255e-02
4.410302639007568359e-02 7.999999821186065674e-02
8.792948722839355469e-02 1.000000014901161194e-01
1.352426409721374512e-01 1.099999994039535522e-01
1.858627498149871826e-01 1.749999970197677612e-01
2.395307868719100952e-01 1.800000071525573730e-01
2.958819866180419922e-01 2.500000000000000000e-01
3.544235527515411377e-01 2.949999868869781494e-01
4.145272374153137207e-01 3.149999976158142090e-01
4.754393994808197021e-01 3.149999976158142090e-01
5.363126993179321289e-01 3.950000107288360596e-01
5.962551832199096680e-01 4.250000119209289551e-01
6.543896198272705078e-01 4.699999988079071045e-01
3.893762826919555664e-03 3.500000014901161194e-02
4.410302639007568359e-02 6.499999761581420898e-02
8.792948722839355469e-02 1.400000005960464478e-01
1.352426409721374512e-01 1.749999970197677612e-01
1.858627498149871826e-01 1.949999928474426270e-01
2.395307868719100952e-01 2.199999988079071045e-01
2.958819866180419922e-01 2.399999946355819702e-01
3.544235527515411377e-01 2.450000047683715820e-01
4.145272374153137207e-01 2.599999904632568359e-01
4.754393994808197021e-01 3.249999880790710449e-01
5.363126993179321289e-01 3.000000119209289551e-01
5.962551832199096680e-01 4.499999880790710449e-01
6.543896198272705078e-01 5.049999952316284180e-01
